Rank 0 matrix after communication:
0 0 0 0 0 0 0 0 0 0 0 0 0 0 0 0 0 0 0 0 0 0 0 0 0 0 0 0 0 0 0 0 0 0 0 0 0 0 0 0 0 0 0 0 0 0 0 0 0 0 0 0 0 0 0 0 0 0 0 0 0 0 0 0 0 0 0 0 0 0 0 0 0 0 0 0 0 0 0 0 0 0 0 0 0 0 0 0 0 0 0 0 0 0 0 0 0 0 0 0 
0 1 2 0 1 2 0 1 2 0 1 2 0 1 2 0 1 2 0 1 2 0 1 2 0 1 2 0 1 2 0 1 2 0 1 2 0 1 2 0 1 2 0 1 2 0 1 2 0 1 2 0 1 2 0 1 2 0 1 2 0 1 2 0 1 2 0 1 2 0 1 2 0 1 2 0 1 2 0 1 2 0 1 2 0 1 2 0 1 2 0 1 2 0 1 2 0 1 2 0 
0 3 1 4 2 0 3 1 4 2 0 3 1 4 2 0 3 1 4 2 0 3 1 4 2 0 3 1 4 2 0 3 1 4 2 0 3 1 4 2 0 3 1 4 2 0 3 1 4 2 0 3 1 4 2 0 3 1 4 2 0 3 1 4 2 0 3 1 4 2 0 3 1 4 2 0 3 1 4 2 0 3 1 4 2 0 3 1 4 2 0 3 1 4 2 0 3 1 4 2 
0 6 5 4 3 2 1 0 6 5 4 3 2 1 0 6 5 4 3 2 1 0 6 5 4 3 2 1 0 6 5 4 3 2 1 0 6 5 4 3 2 1 0 6 5 4 3 2 1 0 6 5 4 3 2 1 0 6 5 4 3 2 1 0 6 5 4 3 2 1 0 6 5 4 3 2 1 0 6 5 4 3 2 1 0 6 5 4 3 2 1 0 6 5 4 3 2 1 0 6 
0 4 8 3 7 2 6 1 5 0 4 8 3 7 2 6 1 5 0 4 8 3 7 2 6 1 5 0 4 8 3 7 2 6 1 5 0 4 8 3 7 2 6 1 5 0 4 8 3 7 2 6 1 5 0 4 8 3 7 2 6 1 5 0 4 8 3 7 2 6 1 5 0 4 8 3 7 2 6 1 5 0 4 8 3 7 2 6 1 5 0 4 8 3 7 2 6 1 5 0 
0 2 4 6 8 10 1 3 5 7 9 0 2 4 6 8 10 1 3 5 7 9 0 2 4 6 8 10 1 3 5 7 9 0 2 4 6 8 10 1 3 5 7 9 0 2 4 6 8 10 1 3 5 7 9 0 2 4 6 8 10 1 3 5 7 9 0 2 4 6 8 10 1 3 5 7 9 0 2 4 6 8 10 1 3 5 7 9 0 2 4 6 8 10 1 3 5 7 9 0 
0 0 0 0 0 0 0 0 0 0 0 0 0 0 0 0 0 0 0 0 0 0 0 0 0 0 0 0 0 0 0 0 0 0 0 0 0 0 0 0 0 0 0 0 0 0 0 0 0 0 0 0 0 0 0 0 0 0 0 0 0 0 0 0 0 0 0 0 0 0 0 0 0 0 0 0 0 0 0 0 0 0 0 0 0 0 0 0 0 0 0 0 0 0 0 0 0 0 0 0 
0 13 11 9 7 5 3 1 14 12 10 8 6 4 2 0 13 11 9 7 5 3 1 14 12 10 8 6 4 2 0 13 11 9 7 5 3 1 14 12 10 8 6 4 2 0 13 11 9 7 5 3 1 14 12 10 8 6 4 2 0 13 11 9 7 5 3 1 14 12 10 8 6 4 2 0 13 11 9 7 5 3 1 14 12 10 8 6 4 2 0 13 11 9 7 5 3 1 14 12 
0 13 9 5 1 14 10 6 2 15 11 7 3 16 12 8 4 0 13 9 5 1 14 10 6 2 15 11 7 3 16 12 8 4 0 13 9 5 1 14 10 6 2 15 11 7 3 16 12 8 4 0 13 9 5 1 14 10 6 2 15 11 7 3 16 12 8 4 0 13 9 5 1 14 10 6 2 15 11 7 3 16 12 8 4 0 13 9 5 1 14 10 6 2 15 11 7 3 16 12 
0 13 7 1 14 8 2 15 9 3 16 10 4 17 11 5 18 12 6 0 13 7 1 14 8 2 15 9 3 16 10 4 17 11 5 18 12 6 0 13 7 1 14 8 2 15 9 3 16 10 4 17 11 5 18 12 6 0 13 7 1 14 8 2 15 9 3 16 10 4 17 11 5 18 12 6 0 13 7 1 14 8 2 15 9 3 16 10 4 17 11 5 18 12 6 0 13 7 1 14 
0 13 5 18 10 2 15 7 20 12 4 17 9 1 14 6 19 11 3 16 8 0 13 5 18 10 2 15 7 20 12 4 17 9 1 14 6 19 11 3 16 8 0 13 5 18 10 2 15 7 20 12 4 17 9 1 14 6 19 11 3 16 8 0 13 5 18 10 2 15 7 20 12 4 17 9 1 14 6 19 11 3 16 8 0 13 5 18 10 2 15 7 20 12 4 17 9 1 14 6 
0 13 3 16 6 19 9 22 12 2 15 5 18 8 21 11 1 14 4 17 7 20 10 0 13 3 16 6 19 9 22 12 2 15 5 18 8 21 11 1 14 4 17 7 20 10 0 13 3 16 6 19 9 22 12 2 15 5 18 8 21 11 1 14 4 17 7 20 10 0 13 3 16 6 19 9 22 12 2 15 5 18 8 21 11 1 14 4 17 7 20 10 0 13 3 16 6 19 9 22 
0 13 1 14 2 15 3 16 4 17 5 18 6 19 7 20 8 21 9 22 10 23 11 24 12 0 13 1 14 2 15 3 16 4 17 5 18 6 19 7 20 8 21 9 22 10 23 11 24 12 0 13 1 14 2 15 3 16 4 17 5 18 6 19 7 20 8 21 9 22 10 23 11 24 12 0 13 1 14 2 15 3 16 4 17 5 18 6 19 7 20 8 21 9 22 10 23 11 24 12 
0 13 26 12 25 11 24 10 23 9 22 8 21 7 20 6 19 5 18 4 17 3 16 2 15 1 14 0 13 26 12 25 11 24 10 23 9 22 8 21 7 20 6 19 5 18 4 17 3 16 2 15 1 14 0 13 26 12 25 11 24 10 23 9 22 8 21 7 20 6 19 5 18 4 17 3 16 2 15 1 14 0 13 26 12 25 11 24 10 23 9 22 8 21 7 20 6 19 5 18 
0 13 26 10 23 7 20 4 17 1 14 27 11 24 8 21 5 18 2 15 28 12 25 9 22 6 19 3 16 0 13 26 10 23 7 20 4 17 1 14 27 11 24 8 21 5 18 2 15 28 12 25 9 22 6 19 3 16 0 13 26 10 23 7 20 4 17 1 14 27 11 24 8 21 5 18 2 15 28 12 25 9 22 6 19 3 16 0 13 26 10 23 7 20 4 17 1 14 27 11 
0 13 26 8 21 3 16 29 11 24 6 19 1 14 27 9 22 4 17 30 12 25 7 20 2 15 28 10 23 5 18 0 13 26 8 21 3 16 29 11 24 6 19 1 14 27 9 22 4 17 30 12 25 7 20 2 15 28 10 23 5 18 0 13 26 8 21 3 16 29 11 24 6 19 1 14 27 9 22 4 17 30 12 25 7 20 2 15 28 10 23 5 18 0 13 26 8 21 3 16 
0 13 26 6 19 32 12 25 5 18 31 11 24 4 17 30 10 23 3 16 29 9 22 2 15 28 8 21 1 14 27 7 20 0 13 26 6 19 32 12 25 5 18 31 11 24 4 17 30 10 23 3 16 29 9 22 2 15 28 8 21 1 14 27 7 20 0 13 26 6 19 32 12 25 5 18 31 11 24 4 17 30 10 23 3 16 29 9 22 2 15 28 8 21 1 14 27 7 20 0 
0 13 26 4 17 30 8 21 34 12 25 3 16 29 7 20 33 11 24 2 15 28 6 19 32 10 23 1 14 27 5 18 31 9 22 0 13 26 4 17 30 8 21 34 12 25 3 16 29 7 20 33 11 24 2 15 28 6 19 32 10 23 1 14 27 5 18 31 9 22 0 13 26 4 17 30 8 21 34 12 25 3 16 29 7 20 33 11 24 2 15 28 6 19 32 10 23 1 14 27 
0 13 26 2 15 28 4 17 30 6 19 32 8 21 34 10 23 36 12 25 1 14 27 3 16 29 5 18 31 7 20 33 9 22 35 11 24 0 13 26 2 15 28 4 17 30 6 19 32 8 21 34 10 23 36 12 25 1 14 27 3 16 29 5 18 31 7 20 33 9 22 35 11 24 0 13 26 2 15 28 4 17 30 6 19 32 8 21 34 10 23 36 12 25 1 14 27 3 16 29 
0 13 26 0 13 26 0 13 26 0 13 26 0 13 26 0 13 26 0 13 26 0 13 26 0 13 26 0 13 26 0 13 26 0 13 26 0 13 26 0 13 26 0 13 26 0 13 26 0 13 26 0 13 26 0 13 26 0 13 26 0 13 26 0 13 26 0 13 26 0 13 26 0 13 26 0 13 26 0 13 26 0 13 26 0 13 26 0 13 26 0 13 26 0 13 26 0 13 26 0 
0 13 26 39 11 24 37 9 22 35 7 20 33 5 18 31 3 16 29 1 14 27 40 12 25 38 10 23 36 8 21 34 6 19 32 4 17 30 2 15 28 0 13 26 39 11 24 37 9 22 35 7 20 33 5 18 31 3 16 29 1 14 27 40 12 25 38 10 23 36 8 21 34 6 19 32 4 17 30 2 15 28 0 13 26 39 11 24 37 9 22 35 7 20 33 5 18 31 3 16 
0 13 26 39 9 22 35 5 18 31 1 14 27 40 10 23 36 6 19 32 2 15 28 41 11 24 37 7 20 33 3 16 29 42 12 25 38 8 21 34 4 17 30 0 13 26 39 9 22 35 5 18 31 1 14 27 40 10 23 36 6 19 32 2 15 28 41 11 24 37 7 20 33 3 16 29 42 12 25 38 8 21 34 4 17 30 0 13 26 39 9 22 35 5 18 31 1 14 27 40 
0 13 26 39 7 20 33 1 14 27 40 8 21 34 2 15 28 41 9 22 35 3 16 29 42 10 23 36 4 17 30 43 11 24 37 5 18 31 44 12 25 38 6 19 32 0 13 26 39 7 20 33 1 14 27 40 8 21 34 2 15 28 41 9 22 35 3 16 29 42 10 23 36 4 17 30 43 11 24 37 5 18 31 44 12 25 38 6 19 32 0 13 26 39 7 20 33 1 14 27 
0 13 26 39 5 18 31 44 10 23 36 2 15 28 41 7 20 33 46 12 25 38 4 17 30 43 9 22 35 1 14 27 40 6 19 32 45 11 24 37 3 16 29 42 8 21 34 0 13 26 39 5 18 31 44 10 23 36 2 15 28 41 7 20 33 46 12 25 38 4 17 30 43 9 22 35 1 14 27 40 6 19 32 45 11 24 37 3 16 29 42 8 21 34 0 13 26 39 5 18 
0 13 26 39 3 16 29 42 6 19 32 45 9 22 35 48 12 25 38 2 15 28 41 5 18 31 44 8 21 34 47 11 24 37 1 14 27 40 4 17 30 43 7 20 33 46 10 23 36 0 13 26 39 3 16 29 42 6 19 32 45 9 22 35 48 12 25 38 2 15 28 41 5 18 31 44 8 21 34 47 11 24 37 1 14 27 40 4 17 30 43 7 20 33 46 10 23 36 0 13 
0 13 26 39 1 14 27 40 2 15 28 41 3 16 29 42 4 17 30 43 5 18 31 44 6 19 32 45 7 20 33 46 8 21 34 47 9 22 35 48 10 23 36 49 11 24 37 50 12 25 38 0 13 26 39 1 14 27 40 2 15 28 41 3 16 29 42 4 17 30 43 5 18 31 44 6 19 32 45 7 20 33 46 8 21 34 47 9 22 35 48 10 23 36 49 11 24 37 50 12 
0 13 26 39 52 12 25 38 51 11 24 37 50 10 23 36 49 9 22 35 48 8 21 34 47 7 20 33 46 6 19 32 45 5 18 31 44 4 17 30 43 3 16 29 42 2 15 28 41 1 14 27 40 0 13 26 39 52 12 25 38 51 11 24 37 50 10 23 36 49 9 22 35 48 8 21 34 47 7 20 33 46 6 19 32 45 5 18 31 44 4 17 30 43 3 16 29 42 2 15 
0 13 26 39 52 10 23 36 49 7 20 33 46 4 17 30 43 1 14 27 40 53 11 24 37 50 8 21 34 47 5 18 31 44 2 15 28 41 54 12 25 38 51 9 22 35 48 6 19 32 45 3 16 29 42 0 13 26 39 52 10 23 36 49 7 20 33 46 4 17 30 43 1 14 27 40 53 11 24 37 50 8 21 34 47 5 18 31 44 2 15 28 41 54 12 25 38 51 9 22 
0 13 26 39 52 8 21 34 47 3 16 29 42 55 11 24 37 50 6 19 32 45 1 14 27 40 53 9 22 35 48 4 17 30 43 56 12 25 38 51 7 20 33 46 2 15 28 41 54 10 23 36 49 5 18 31 44 0 13 26 39 52 8 21 34 47 3 16 29 42 55 11 24 37 50 6 19 32 45 1 14 27 40 53 9 22 35 48 4 17 30 43 56 12 25 38 51 7 20 33 
0 13 26 39 52 6 19 32 45 58 12 25 38 51 5 18 31 44 57 11 24 37 50 4 17 30 43 56 10 23 36 49 3 16 29 42 55 9 22 35 48 2 15 28 41 54 8 21 34 47 1 14 27 40 53 7 20 33 46 0 13 26 39 52 6 19 32 45 58 12 25 38 51 5 18 31 44 57 11 24 37 50 4 17 30 43 56 10 23 36 49 3 16 29 42 55 9 22 35 48 
0 13 26 39 52 4 17 30 43 56 8 21 34 47 60 12 25 38 51 3 16 29 42 55 7 20 33 46 59 11 24 37 50 2 15 28 41 54 6 19 32 45 58 10 23 36 49 1 14 27 40 53 5 18 31 44 57 9 22 35 48 0 13 26 39 52 4 17 30 43 56 8 21 34 47 60 12 25 38 51 3 16 29 42 55 7 20 33 46 59 11 24 37 50 2 15 28 41 54 6 
0 13 26 39 52 2 15 28 41 54 4 17 30 43 56 6 19 32 45 58 8 21 34 47 60 10 23 36 49 62 12 25 38 51 1 14 27 40 53 3 16 29 42 55 5 18 31 44 57 7 20 33 46 59 9 22 35 48 61 11 24 37 50 0 13 26 39 52 2 15 28 41 54 4 17 30 43 56 6 19 32 45 58 8 21 34 47 60 10 23 36 49 62 12 25 38 51 1 14 27 
0 13 26 39 52 0 13 26 39 52 0 13 26 39 52 0 13 26 39 52 0 13 26 39 52 0 13 26 39 52 0 13 26 39 52 0 13 26 39 52 0 13 26 39 52 0 13 26 39 52 0 13 26 39 52 0 13 26 39 52 0 13 26 39 52 0 13 26 39 52 0 13 26 39 52 0 13 26 39 52 0 13 26 39 52 0 13 26 39 52 0 13 26 39 52 0 13 26 39 52 
0 13 26 39 52 65 11 24 37 50 63 9 22 35 48 61 7 20 33 46 59 5 18 31 44 57 3 16 29 42 55 1 14 27 40 53 66 12 25 38 51 64 10 23 36 49 62 8 21 34 47 60 6 19 32 45 58 4 17 30 43 56 2 15 28 41 54 0 13 26 39 52 65 11 24 37 50 63 9 22 35 48 61 7 20 33 46 59 5 18 31 44 57 3 16 29 42 55 1 14 
0 13 26 39 52 65 9 22 35 48 61 5 18 31 44 57 1 14 27 40 53 66 10 23 36 49 62 6 19 32 45 58 2 15 28 41 54 67 11 24 37 50 63 7 20 33 46 59 3 16 29 42 55 68 12 25 38 51 64 8 21 34 47 60 4 17 30 43 56 0 13 26 39 52 65 9 22 35 48 61 5 18 31 44 57 1 14 27 40 53 66 10 23 36 49 62 6 19 32 45 
0 13 26 39 52 65 7 20 33 46 59 1 14 27 40 53 66 8 21 34 47 60 2 15 28 41 54 67 9 22 35 48 61 3 16 29 42 55 68 10 23 36 49 62 4 17 30 43 56 69 11 24 37 50 63 5 18 31 44 57 70 12 25 38 51 64 6 19 32 45 58 0 13 26 39 52 65 7 20 33 46 59 1 14 27 40 53 66 8 21 34 47 60 2 15 28 41 54 67 9 
0 13 26 39 52 65 5 18 31 44 57 70 10 23 36 49 62 2 15 28 41 54 67 7 20 33 46 59 72 12 25 38 51 64 4 17 30 43 56 69 9 22 35 48 61 1 14 27 40 53 66 6 19 32 45 58 71 11 24 37 50 63 3 16 29 42 55 68 8 21 34 47 60 0 13 26 39 52 65 5 18 31 44 57 70 10 23 36 49 62 2 15 28 41 54 67 7 20 33 46 
0 13 26 39 52 65 3 16 29 42 55 68 6 19 32 45 58 71 9 22 35 48 61 74 12 25 38 51 64 2 15 28 41 54 67 5 18 31 44 57 70 8 21 34 47 60 73 11 24 37 50 63 1 14 27 40 53 66 4 17 30 43 56 69 7 20 33 46 59 72 10 23 36 49 62 0 13 26 39 52 65 3 16 29 42 55 68 6 19 32 45 58 71 9 22 35 48 61 74 12 
0 13 26 39 52 65 1 14 27 40 53 66 2 15 28 41 54 67 3 16 29 42 55 68 4 17 30 43 56 69 5 18 31 44 57 70 6 19 32 45 58 71 7 20 33 46 59 72 8 21 34 47 60 73 9 22 35 48 61 74 10 23 36 49 62 75 11 24 37 50 63 76 12 25 38 51 64 0 13 26 39 52 65 1 14 27 40 53 66 2 15 28 41 54 67 3 16 29 42 55 
0 13 26 39 52 65 78 12 25 38 51 64 77 11 24 37 50 63 76 10 23 36 49 62 75 9 22 35 48 61 74 8 21 34 47 60 73 7 20 33 46 59 72 6 19 32 45 58 71 5 18 31 44 57 70 4 17 30 43 56 69 3 16 29 42 55 68 2 15 28 41 54 67 1 14 27 40 53 66 0 13 26 39 52 65 78 12 25 38 51 64 77 11 24 37 50 63 76 10 23 
0 13 26 39 52 65 78 10 23 36 49 62 75 7 20 33 46 59 72 4 17 30 43 56 69 1 14 27 40 53 66 79 11 24 37 50 63 76 8 21 34 47 60 73 5 18 31 44 57 70 2 15 28 41 54 67 80 12 25 38 51 64 77 9 22 35 48 61 74 6 19 32 45 58 71 3 16 29 42 55 68 0 13 26 39 52 65 78 10 23 36 49 62 75 7 20 33 46 59 72 
0 13 26 39 52 65 78 8 21 34 47 60 73 3 16 29 42 55 68 81 11 24 37 50 63 76 6 19 32 45 58 71 1 14 27 40 53 66 79 9 22 35 48 61 74 4 17 30 43 56 69 82 12 25 38 51 64 77 7 20 33 46 59 72 2 15 28 41 54 67 80 10 23 36 49 62 75 5 18 31 44 57 70 0 13 26 39 52 65 78 8 21 34 47 60 73 3 16 29 42 
0 13 26 39 52 65 78 6 19 32 45 58 71 84 12 25 38 51 64 77 5 18 31 44 57 70 83 11 24 37 50 63 76 4 17 30 43 56 69 82 10 23 36 49 62 75 3 16 29 42 55 68 81 9 22 35 48 61 74 2 15 28 41 54 67 80 8 21 34 47 60 73 1 14 27 40 53 66 79 7 20 33 46 59 72 0 13 26 39 52 65 78 6 19 32 45 58 71 84 12 
0 13 26 39 52 65 78 4 17 30 43 56 69 82 8 21 34 47 60 73 86 12 25 38 51 64 77 3 16 29 42 55 68 81 7 20 33 46 59 72 85 11 24 37 50 63 76 2 15 28 41 54 67 80 6 19 32 45 58 71 84 10 23 36 49 62 75 1 14 27 40 53 66 79 5 18 31 44 57 70 83 9 22 35 48 61 74 0 13 26 39 52 65 78 4 17 30 43 56 69 
0 13 26 39 52 65 78 2 15 28 41 54 67 80 4 17 30 43 56 69 82 6 19 32 45 58 71 84 8 21 34 47 60 73 86 10 23 36 49 62 75 88 12 25 38 51 64 77 1 14 27 40 53 66 79 3 16 29 42 55 68 81 5 18 31 44 57 70 83 7 20 33 46 59 72 85 9 22 35 48 61 74 87 11 24 37 50 63 76 0 13 26 39 52 65 78 2 15 28 41 
0 13 26 39 52 65 78 0 13 26 39 52 65 78 0 13 26 39 52 65 78 0 13 26 39 52 65 78 0 13 26 39 52 65 78 0 13 26 39 52 65 78 0 13 26 39 52 65 78 0 13 26 39 52 65 78 0 13 26 39 52 65 78 0 13 26 39 52 65 78 0 13 26 39 52 65 78 0 13 26 39 52 65 78 0 13 26 39 52 65 78 0 13 26 39 52 65 78 0 13 
0 13 26 39 52 65 78 91 11 24 37 50 63 76 89 9 22 35 48 61 74 87 7 20 33 46 59 72 85 5 18 31 44 57 70 83 3 16 29 42 55 68 81 1 14 27 40 53 66 79 92 12 25 38 51 64 77 90 10 23 36 49 62 75 88 8 21 34 47 60 73 86 6 19 32 45 58 71 84 4 17 30 43 56 69 82 2 15 28 41 54 67 80 0 13 26 39 52 65 78 
0 13 26 39 52 65 78 91 9 22 35 48 61 74 87 5 18 31 44 57 70 83 1 14 27 40 53 66 79 92 10 23 36 49 62 75 88 6 19 32 45 58 71 84 2 15 28 41 54 67 80 93 11 24 37 50 63 76 89 7 20 33 46 59 72 85 3 16 29 42 55 68 81 94 12 25 38 51 64 77 90 8 21 34 47 60 73 86 4 17 30 43 56 69 82 0 13 26 39 52 
0 13 26 39 52 65 78 91 7 20 33 46 59 72 85 1 14 27 40 53 66 79 92 8 21 34 47 60 73 86 2 15 28 41 54 67 80 93 9 22 35 48 61 74 87 3 16 29 42 55 68 81 94 10 23 36 49 62 75 88 4 17 30 43 56 69 82 95 11 24 37 50 63 76 89 5 18 31 44 57 70 83 96 12 25 38 51 64 77 90 6 19 32 45 58 71 84 0 13 26 
0 13 26 39 52 65 78 91 5 18 31 44 57 70 83 96 10 23 36 49 62 75 88 2 15 28 41 54 67 80 93 7 20 33 46 59 72 85 98 12 25 38 51 64 77 90 4 17 30 43 56 69 82 95 9 22 35 48 61 74 87 1 14 27 40 53 66 79 92 6 19 32 45 58 71 84 97 11 24 37 50 63 76 89 3 16 29 42 55 68 81 94 8 21 34 47 60 73 86 0 
0 13 26 39 52 65 78 91 3 16 29 42 55 68 81 94 6 19 32 45 58 71 84 97 9 22 35 48 61 74 87 100 12 25 38 51 64 77 90 2 15 28 41 54 67 80 93 5 18 31 44 57 70 83 96 8 21 34 47 60 73 86 99 11 24 37 50 63 76 89 1 14 27 40 53 66 79 92 4 17 30 43 56 69 82 95 7 20 33 46 59 72 85 98 10 23 36 49 62 75 
0 13 26 39 52 65 78 91 1 14 27 40 53 66 79 92 2 15 28 41 54 67 80 93 3 16 29 42 55 68 81 94 4 17 30 43 56 69 82 95 5 18 31 44 57 70 83 96 6 19 32 45 58 71 84 97 7 20 33 46 59 72 85 98 8 21 34 47 60 73 86 99 9 22 35 48 61 74 87 100 10 23 36 49 62 75 88 101 11 24 37 50 63 76 89 102 12 25 38 51 
0 13 26 39 52 65 78 91 104 12 25 38 51 64 77 90 103 11 24 37 50 63 76 89 102 10 23 36 49 62 75 88 101 9 22 35 48 61 74 87 100 8 21 34 47 60 73 86 99 7 20 33 46 59 72 85 98 6 19 32 45 58 71 84 97 5 18 31 44 57 70 83 96 4 17 30 43 56 69 82 95 3 16 29 42 55 68 81 94 2 15 28 41 54 67 80 93 1 14 27 
0 13 26 39 52 65 78 91 104 10 23 36 49 62 75 88 101 7 20 33 46 59 72 85 98 4 17 30 43 56 69 82 95 1 14 27 40 53 66 79 92 105 11 24 37 50 63 76 89 102 8 21 34 47 60 73 86 99 5 18 31 44 57 70 83 96 2 15 28 41 54 67 80 93 106 12 25 38 51 64 77 90 103 9 22 35 48 61 74 87 100 6 19 32 45 58 71 84 97 3 
0 13 26 39 52 65 78 91 104 8 21 34 47 60 73 86 99 3 16 29 42 55 68 81 94 107 11 24 37 50 63 76 89 102 6 19 32 45 58 71 84 97 1 14 27 40 53 66 79 92 105 9 22 35 48 61 74 87 100 4 17 30 43 56 69 82 95 108 12 25 38 51 64 77 90 103 7 20 33 46 59 72 85 98 2 15 28 41 54 67 80 93 106 10 23 36 49 62 75 88 
0 13 26 39 52 65 78 91 104 6 19 32 45 58 71 84 97 110 12 25 38 51 64 77 90 103 5 18 31 44 57 70 83 96 109 11 24 37 50 63 76 89 102 4 17 30 43 56 69 82 95 108 10 23 36 49 62 75 88 101 3 16 29 42 55 68 81 94 107 9 22 35 48 61 74 87 100 2 15 28 41 54 67 80 93 106 8 21 34 47 60 73 86 99 1 14 27 40 53 66 
0 13 26 39 52 65 78 91 104 4 17 30 43 56 69 82 95 108 8 21 34 47 60 73 86 99 112 12 25 38 51 64 77 90 103 3 16 29 42 55 68 81 94 107 7 20 33 46 59 72 85 98 111 11 24 37 50 63 76 89 102 2 15 28 41 54 67 80 93 106 6 19 32 45 58 71 84 97 110 10 23 36 49 62 75 88 101 1 14 27 40 53 66 79 92 105 5 18 31 44 
0 13 26 39 52 65 78 91 104 2 15 28 41 54 67 80 93 106 4 17 30 43 56 69 82 95 108 6 19 32 45 58 71 84 97 110 8 21 34 47 60 73 86 99 112 10 23 36 49 62 75 88 101 114 12 25 38 51 64 77 90 103 1 14 27 40 53 66 79 92 105 3 16 29 42 55 68 81 94 107 5 18 31 44 57 70 83 96 109 7 20 33 46 59 72 85 98 111 9 22 
0 13 26 39 52 65 78 91 104 0 13 26 39 52 65 78 91 104 0 13 26 39 52 65 78 91 104 0 13 26 39 52 65 78 91 104 0 13 26 39 52 65 78 91 104 0 13 26 39 52 65 78 91 104 0 13 26 39 52 65 78 91 104 0 13 26 39 52 65 78 91 104 0 13 26 39 52 65 78 91 104 0 13 26 39 52 65 78 91 104 0 13 26 39 52 65 78 91 104 0 
0 13 26 39 52 65 78 91 104 117 11 24 37 50 63 76 89 102 115 9 22 35 48 61 74 87 100 113 7 20 33 46 59 72 85 98 111 5 18 31 44 57 70 83 96 109 3 16 29 42 55 68 81 94 107 1 14 27 40 53 66 79 92 105 118 12 25 38 51 64 77 90 103 116 10 23 36 49 62 75 88 101 114 8 21 34 47 60 73 86 99 112 6 19 32 45 58 71 84 97 
0 13 26 39 52 65 78 91 104 117 9 22 35 48 61 74 87 100 113 5 18 31 44 57 70 83 96 109 1 14 27 40 53 66 79 92 105 118 10 23 36 49 62 75 88 101 114 6 19 32 45 58 71 84 97 110 2 15 28 41 54 67 80 93 106 119 11 24 37 50 63 76 89 102 115 7 20 33 46 59 72 85 98 111 3 16 29 42 55 68 81 94 107 120 12 25 38 51 64 77 
0 13 26 39 52 65 78 91 104 117 7 20 33 46 59 72 85 98 111 1 14 27 40 53 66 79 92 105 118 8 21 34 47 60 73 86 99 112 2 15 28 41 54 67 80 93 106 119 9 22 35 48 61 74 87 100 113 3 16 29 42 55 68 81 94 107 120 10 23 36 49 62 75 88 101 114 4 17 30 43 56 69 82 95 108 121 11 24 37 50 63 76 89 102 115 5 18 31 44 57 
0 13 26 39 52 65 78 91 104 117 5 18 31 44 57 70 83 96 109 122 10 23 36 49 62 75 88 101 114 2 15 28 41 54 67 80 93 106 119 7 20 33 46 59 72 85 98 111 124 12 25 38 51 64 77 90 103 116 4 17 30 43 56 69 82 95 108 121 9 22 35 48 61 74 87 100 113 1 14 27 40 53 66 79 92 105 118 6 19 32 45 58 71 84 97 110 123 11 24 37 
0 13 26 39 52 65 78 91 104 117 3 16 29 42 55 68 81 94 107 120 6 19 32 45 58 71 84 97 110 123 9 22 35 48 61 74 87 100 113 126 12 25 38 51 64 77 90 103 116 2 15 28 41 54 67 80 93 106 119 5 18 31 44 57 70 83 96 109 122 8 21 34 47 60 73 86 99 112 125 11 24 37 50 63 76 89 102 115 1 14 27 40 53 66 79 92 105 118 4 17 
0 13 26 39 52 65 78 91 104 117 1 14 27 40 53 66 79 92 105 118 2 15 28 41 54 67 80 93 106 119 3 16 29 42 55 68 81 94 107 120 4 17 30 43 56 69 82 95 108 121 5 18 31 44 57 70 83 96 109 122 6 19 32 45 58 71 84 97 110 123 7 20 33 46 59 72 85 98 111 124 8 21 34 47 60 73 86 99 112 125 9 22 35 48 61 74 87 100 113 126 
0 13 26 39 52 65 78 91 104 117 130 12 25 38 51 64 77 90 103 116 129 11 24 37 50 63 76 89 102 115 128 10 23 36 49 62 75 88 101 114 127 9 22 35 48 61 74 87 100 113 126 8 21 34 47 60 73 86 99 112 125 7 20 33 46 59 72 85 98 111 124 6 19 32 45 58 71 84 97 110 123 5 18 31 44 57 70 83 96 109 122 4 17 30 43 56 69 82 95 108 
0 13 26 39 52 65 78 91 104 117 130 10 23 36 49 62 75 88 101 114 127 7 20 33 46 59 72 85 98 111 124 4 17 30 43 56 69 82 95 108 121 1 14 27 40 53 66 79 92 105 118 131 11 24 37 50 63 76 89 102 115 128 8 21 34 47 60 73 86 99 112 125 5 18 31 44 57 70 83 96 109 122 2 15 28 41 54 67 80 93 106 119 132 12 25 38 51 64 77 90 
0 13 26 39 52 65 78 91 104 117 130 8 21 34 47 60 73 86 99 112 125 3 16 29 42 55 68 81 94 107 120 133 11 24 37 50 63 76 89 102 115 128 6 19 32 45 58 71 84 97 110 123 1 14 27 40 53 66 79 92 105 118 131 9 22 35 48 61 74 87 100 113 126 4 17 30 43 56 69 82 95 108 121 134 12 25 38 51 64 77 90 103 116 129 7 20 33 46 59 72 
0 13 26 39 52 65 78 91 104 117 130 6 19 32 45 58 71 84 97 110 123 136 12 25 38 51 64 77 90 103 116 129 5 18 31 44 57 70 83 96 109 122 135 11 24 37 50 63 76 89 102 115 128 4 17 30 43 56 69 82 95 108 121 134 10 23 36 49 62 75 88 101 114 127 3 16 29 42 55 68 81 94 107 120 133 9 22 35 48 61 74 87 100 113 126 2 15 28 41 54 
0 13 26 39 52 65 78 91 104 117 130 4 17 30 43 56 69 82 95 108 121 134 8 21 34 47 60 73 86 99 112 125 138 12 25 38 51 64 77 90 103 116 129 3 16 29 42 55 68 81 94 107 120 133 7 20 33 46 59 72 85 98 111 124 137 11 24 37 50 63 76 89 102 115 128 2 15 28 41 54 67 80 93 106 119 132 6 19 32 45 58 71 84 97 110 123 136 10 23 36 
0 13 26 39 52 65 78 91 104 117 130 2 15 28 41 54 67 80 93 106 119 132 4 17 30 43 56 69 82 95 108 121 134 6 19 32 45 58 71 84 97 110 123 136 8 21 34 47 60 73 86 99 112 125 138 10 23 36 49 62 75 88 101 114 127 140 12 25 38 51 64 77 90 103 116 129 1 14 27 40 53 66 79 92 105 118 131 3 16 29 42 55 68 81 94 107 120 133 5 18 
0 13 26 39 52 65 78 91 104 117 130 0 13 26 39 52 65 78 91 104 117 130 0 13 26 39 52 65 78 91 104 117 130 0 13 26 39 52 65 78 91 104 117 130 0 13 26 39 52 65 78 91 104 117 130 0 13 26 39 52 65 78 91 104 117 130 0 13 26 39 52 65 78 91 104 117 130 0 13 26 39 52 65 78 91 104 117 130 0 13 26 39 52 65 78 91 104 117 130 0 
0 13 26 39 52 65 78 91 104 117 130 143 11 24 37 50 63 76 89 102 115 128 141 9 22 35 48 61 74 87 100 113 126 139 7 20 33 46 59 72 85 98 111 124 137 5 18 31 44 57 70 83 96 109 122 135 3 16 29 42 55 68 81 94 107 120 133 1 14 27 40 53 66 79 92 105 118 131 144 12 25 38 51 64 77 90 103 116 129 142 10 23 36 49 62 75 88 101 114 127 
0 13 26 39 52 65 78 91 104 117 130 143 9 22 35 48 61 74 87 100 113 126 139 5 18 31 44 57 70 83 96 109 122 135 1 14 27 40 53 66 79 92 105 118 131 144 10 23 36 49 62 75 88 101 114 127 140 6 19 32 45 58 71 84 97 110 123 136 2 15 28 41 54 67 80 93 106 119 132 145 11 24 37 50 63 76 89 102 115 128 141 7 20 33 46 59 72 85 98 111 
0 13 26 39 52 65 78 91 104 117 130 143 7 20 33 46 59 72 85 98 111 124 137 1 14 27 40 53 66 79 92 105 118 131 144 8 21 34 47 60 73 86 99 112 125 138 2 15 28 41 54 67 80 93 106 119 132 145 9 22 35 48 61 74 87 100 113 126 139 3 16 29 42 55 68 81 94 107 120 133 146 10 23 36 49 62 75 88 101 114 127 140 4 17 30 43 56 69 82 95 
0 13 26 39 52 65 78 91 104 117 130 143 5 18 31 44 57 70 83 96 109 122 135 148 10 23 36 49 62 75 88 101 114 127 140 2 15 28 41 54 67 80 93 106 119 132 145 7 20 33 46 59 72 85 98 111 124 137 150 12 25 38 51 64 77 90 103 116 129 142 4 17 30 43 56 69 82 95 108 121 134 147 9 22 35 48 61 74 87 100 113 126 139 1 14 27 40 53 66 79 
0 13 26 39 52 65 78 91 104 117 130 143 3 16 29 42 55 68 81 94 107 120 133 146 6 19 32 45 58 71 84 97 110 123 136 149 9 22 35 48 61 74 87 100 113 126 139 152 12 25 38 51 64 77 90 103 116 129 142 2 15 28 41 54 67 80 93 106 119 132 145 5 18 31 44 57 70 83 96 109 122 135 148 8 21 34 47 60 73 86 99 112 125 138 151 11 24 37 50 63 
0 13 26 39 52 65 78 91 104 117 130 143 1 14 27 40 53 66 79 92 105 118 131 144 2 15 28 41 54 67 80 93 106 119 132 145 3 16 29 42 55 68 81 94 107 120 133 146 4 17 30 43 56 69 82 95 108 121 134 147 5 18 31 44 57 70 83 96 109 122 135 148 6 19 32 45 58 71 84 97 110 123 136 149 7 20 33 46 59 72 85 98 111 124 137 150 8 21 34 47 
0 13 26 39 52 65 78 91 104 117 130 143 156 12 25 38 51 64 77 90 103 116 129 142 155 11 24 37 50 63 76 89 102 115 128 141 154 10 23 36 49 62 75 88 101 114 127 140 153 9 22 35 48 61 74 87 100 113 126 139 152 8 21 34 47 60 73 86 99 112 125 138 151 7 20 33 46 59 72 85 98 111 124 137 150 6 19 32 45 58 71 84 97 110 123 136 149 5 18 31 
0 13 26 39 52 65 78 91 104 117 130 143 156 10 23 36 49 62 75 88 101 114 127 140 153 7 20 33 46 59 72 85 98 111 124 137 150 4 17 30 43 56 69 82 95 108 121 134 147 1 14 27 40 53 66 79 92 105 118 131 144 157 11 24 37 50 63 76 89 102 115 128 141 154 8 21 34 47 60 73 86 99 112 125 138 151 5 18 31 44 57 70 83 96 109 122 135 148 2 15 
0 13 26 39 52 65 78 91 104 117 130 143 156 8 21 34 47 60 73 86 99 112 125 138 151 3 16 29 42 55 68 81 94 107 120 133 146 159 11 24 37 50 63 76 89 102 115 128 141 154 6 19 32 45 58 71 84 97 110 123 136 149 1 14 27 40 53 66 79 92 105 118 131 144 157 9 22 35 48 61 74 87 100 113 126 139 152 4 17 30 43 56 69 82 95 108 121 134 147 160 
0 13 26 39 52 65 78 91 104 117 130 143 156 6 19 32 45 58 71 84 97 110 123 136 149 162 12 25 38 51 64 77 90 103 116 129 142 155 5 18 31 44 57 70 83 96 109 122 135 148 161 11 24 37 50 63 76 89 102 115 128 141 154 4 17 30 43 56 69 82 95 108 121 134 147 160 10 23 36 49 62 75 88 101 114 127 140 153 3 16 29 42 55 68 81 94 107 120 133 146 
0 13 26 39 52 65 78 91 104 117 130 143 156 4 17 30 43 56 69 82 95 108 121 134 147 160 8 21 34 47 60 73 86 99 112 125 138 151 164 12 25 38 51 64 77 90 103 116 129 142 155 3 16 29 42 55 68 81 94 107 120 133 146 159 7 20 33 46 59 72 85 98 111 124 137 150 163 11 24 37 50 63 76 89 102 115 128 141 154 2 15 28 41 54 67 80 93 106 119 132 
0 13 26 39 52 65 78 91 104 117 130 143 156 2 15 28 41 54 67 80 93 106 119 132 145 158 4 17 30 43 56 69 82 95 108 121 134 147 160 6 19 32 45 58 71 84 97 110 123 136 149 162 8 21 34 47 60 73 86 99 112 125 138 151 164 10 23 36 49 62 75 88 101 114 127 140 153 166 12 25 38 51 64 77 90 103 116 129 142 155 1 14 27 40 53 66 79 92 105 118 
0 13 26 39 52 65 78 91 104 117 130 143 156 0 13 26 39 52 65 78 91 104 117 130 143 156 0 13 26 39 52 65 78 91 104 117 130 143 156 0 13 26 39 52 65 78 91 104 117 130 143 156 0 13 26 39 52 65 78 91 104 117 130 143 156 0 13 26 39 52 65 78 91 104 117 130 143 156 0 13 26 39 52 65 78 91 104 117 130 143 156 0 13 26 39 52 65 78 91 104 
0 13 26 39 52 65 78 91 104 117 130 143 156 169 11 24 37 50 63 76 89 102 115 128 141 154 167 9 22 35 48 61 74 87 100 113 126 139 152 165 7 20 33 46 59 72 85 98 111 124 137 150 163 5 18 31 44 57 70 83 96 109 122 135 148 161 3 16 29 42 55 68 81 94 107 120 133 146 159 1 14 27 40 53 66 79 92 105 118 131 144 157 170 12 25 38 51 64 77 90 
0 13 26 39 52 65 78 91 104 117 130 143 156 169 9 22 35 48 61 74 87 100 113 126 139 152 165 5 18 31 44 57 70 83 96 109 122 135 148 161 1 14 27 40 53 66 79 92 105 118 131 144 157 170 10 23 36 49 62 75 88 101 114 127 140 153 166 6 19 32 45 58 71 84 97 110 123 136 149 162 2 15 28 41 54 67 80 93 106 119 132 145 158 171 11 24 37 50 63 76 
0 13 26 39 52 65 78 91 104 117 130 143 156 169 7 20 33 46 59 72 85 98 111 124 137 150 163 1 14 27 40 53 66 79 92 105 118 131 144 157 170 8 21 34 47 60 73 86 99 112 125 138 151 164 2 15 28 41 54 67 80 93 106 119 132 145 158 171 9 22 35 48 61 74 87 100 113 126 139 152 165 3 16 29 42 55 68 81 94 107 120 133 146 159 172 10 23 36 49 62 
0 13 26 39 52 65 78 91 104 117 130 143 156 169 5 18 31 44 57 70 83 96 109 122 135 148 161 174 10 23 36 49 62 75 88 101 114 127 140 153 166 2 15 28 41 54 67 80 93 106 119 132 145 158 171 7 20 33 46 59 72 85 98 111 124 137 150 163 176 12 25 38 51 64 77 90 103 116 129 142 155 168 4 17 30 43 56 69 82 95 108 121 134 147 160 173 9 22 35 48 
0 13 26 39 52 65 78 91 104 117 130 143 156 169 3 16 29 42 55 68 81 94 107 120 133 146 159 172 6 19 32 45 58 71 84 97 110 123 136 149 162 175 9 22 35 48 61 74 87 100 113 126 139 152 165 178 12 25 38 51 64 77 90 103 116 129 142 155 168 2 15 28 41 54 67 80 93 106 119 132 145 158 171 5 18 31 44 57 70 83 96 109 122 135 148 161 174 8 21 34 
0 13 26 39 52 65 78 91 104 117 130 143 156 169 1 14 27 40 53 66 79 92 105 118 131 144 157 170 2 15 28 41 54 67 80 93 106 119 132 145 158 171 3 16 29 42 55 68 81 94 107 120 133 146 159 172 4 17 30 43 56 69 82 95 108 121 134 147 160 173 5 18 31 44 57 70 83 96 109 122 135 148 161 174 6 19 32 45 58 71 84 97 110 123 136 149 162 175 7 20 
0 13 26 39 52 65 78 91 104 117 130 143 156 169 182 12 25 38 51 64 77 90 103 116 129 142 155 168 181 11 24 37 50 63 76 89 102 115 128 141 154 167 180 10 23 36 49 62 75 88 101 114 127 140 153 166 179 9 22 35 48 61 74 87 100 113 126 139 152 165 178 8 21 34 47 60 73 86 99 112 125 138 151 164 177 7 20 33 46 59 72 85 98 111 124 137 150 163 176 6 
0 13 26 39 52 65 78 91 104 117 130 143 156 169 182 10 23 36 49 62 75 88 101 114 127 140 153 166 179 7 20 33 46 59 72 85 98 111 124 137 150 163 176 4 17 30 43 56 69 82 95 108 121 134 147 160 173 1 14 27 40 53 66 79 92 105 118 131 144 157 170 183 11 24 37 50 63 76 89 102 115 128 141 154 167 180 8 21 34 47 60 73 86 99 112 125 138 151 164 177 
0 13 26 39 52 65 78 91 104 117 130 143 156 169 182 8 21 34 47 60 73 86 99 112 125 138 151 164 177 3 16 29 42 55 68 81 94 107 120 133 146 159 172 185 11 24 37 50 63 76 89 102 115 128 141 154 167 180 6 19 32 45 58 71 84 97 110 123 136 149 162 175 1 14 27 40 53 66 79 92 105 118 131 144 157 170 183 9 22 35 48 61 74 87 100 113 126 139 152 165 
0 13 26 39 52 65 78 91 104 117 130 143 156 169 182 6 19 32 45 58 71 84 97 110 123 136 149 162 175 188 12 25 38 51 64 77 90 103 116 129 142 155 168 181 5 18 31 44 57 70 83 96 109 122 135 148 161 174 187 11 24 37 50 63 76 89 102 115 128 141 154 167 180 4 17 30 43 56 69 82 95 108 121 134 147 160 173 186 10 23 36 49 62 75 88 101 114 127 140 153 
0 13 26 39 52 65 78 91 104 117 130 143 156 169 182 4 17 30 43 56 69 82 95 108 121 134 147 160 173 186 8 21 34 47 60 73 86 99 112 125 138 151 164 177 190 12 25 38 51 64 77 90 103 116 129 142 155 168 181 3 16 29 42 55 68 81 94 107 120 133 146 159 172 185 7 20 33 46 59 72 85 98 111 124 137 150 163 176 189 11 24 37 50 63 76 89 102 115 128 141 
0 13 26 39 52 65 78 91 104 117 130 143 156 169 182 2 15 28 41 54 67 80 93 106 119 132 145 158 171 184 4 17 30 43 56 69 82 95 108 121 134 147 160 173 186 6 19 32 45 58 71 84 97 110 123 136 149 162 175 188 8 21 34 47 60 73 86 99 112 125 138 151 164 177 190 10 23 36 49 62 75 88 101 114 127 140 153 166 179 192 12 25 38 51 64 77 90 103 116 129 
0 13 26 39 52 65 78 91 104 117 130 143 156 169 182 0 13 26 39 52 65 78 91 104 117 130 143 156 169 182 0 13 26 39 52 65 78 91 104 117 130 143 156 169 182 0 13 26 39 52 65 78 91 104 117 130 143 156 169 182 0 13 26 39 52 65 78 91 104 117 130 143 156 169 182 0 13 26 39 52 65 78 91 104 117 130 143 156 169 182 0 13 26 39 52 65 78 91 104 117 
0 13 26 39 52 65 78 91 104 117 130 143 156 169 182 195 11 24 37 50 63 76 89 102 115 128 141 154 167 180 193 9 22 35 48 61 74 87 100 113 126 139 152 165 178 191 7 20 33 46 59 72 85 98 111 124 137 150 163 176 189 5 18 31 44 57 70 83 96 109 122 135 148 161 174 187 3 16 29 42 55 68 81 94 107 120 133 146 159 172 185 1 14 27 40 53 66 79 92 105 
0 13 26 39 52 65 78 91 104 117 130 143 156 169 182 195 9 22 35 48 61 74 87 100 113 126 139 152 165 178 191 5 18 31 44 57 70 83 96 109 122 135 148 161 174 187 1 14 27 40 53 66 79 92 105 118 131 144 157 170 183 196 10 23 36 49 62 75 88 101 114 127 140 153 166 179 192 6 19 32 45 58 71 84 97 110 123 136 149 162 175 188 2 15 28 41 54 67 80 93 

