1.00	2.00	3.00	4.00	5.00	6.00	7.00	8.00	9.00	10.00	11.00	12.00	13.00	14.00	15.00	16.00	17.00	18.00	19.00	20.00	21.00	22.00	23.00	24.00	25.00	26.00	27.00	28.00	29.00	30.00	31.00	32.00	33.00	34.00	35.00	36.00	37.00	38.00	39.00	40.00	41.00	42.00	43.00	44.00	45.00	46.00	47.00	48.00	49.00	50.00	51.00	52.00	53.00	54.00	55.00	56.00	57.00	58.00	59.00	60.00	61.00	62.00	63.00	64.00	
2.00	4.00	6.00	8.00	10.00	12.00	14.00	16.00	18.00	20.00	22.00	24.00	26.00	28.00	30.00	32.00	34.00	36.00	38.00	40.00	42.00	44.00	46.00	48.00	50.00	52.00	54.00	56.00	58.00	60.00	62.00	64.00	66.00	68.00	70.00	72.00	74.00	76.00	78.00	80.00	82.00	84.00	86.00	88.00	90.00	92.00	94.00	96.00	98.00	100.00	102.00	104.00	106.00	108.00	110.00	112.00	114.00	116.00	118.00	120.00	122.00	124.00	126.00	128.00	
3.00	6.00	9.00	12.00	15.00	18.00	21.00	24.00	27.00	30.00	33.00	36.00	39.00	42.00	45.00	48.00	51.00	54.00	57.00	60.00	63.00	66.00	69.00	72.00	75.00	78.00	81.00	84.00	87.00	90.00	93.00	96.00	99.00	102.00	105.00	108.00	111.00	114.00	117.00	120.00	123.00	126.00	129.00	132.00	135.00	138.00	141.00	144.00	147.00	150.00	153.00	156.00	159.00	162.00	165.00	168.00	171.00	174.00	177.00	180.00	183.00	186.00	189.00	192.00	
4.00	8.00	12.00	16.00	20.00	24.00	28.00	32.00	36.00	40.00	44.00	48.00	52.00	56.00	60.00	64.00	68.00	72.00	76.00	80.00	84.00	88.00	92.00	96.00	100.00	104.00	108.00	112.00	116.00	120.00	124.00	128.00	132.00	136.00	140.00	144.00	148.00	152.00	156.00	160.00	164.00	168.00	172.00	176.00	180.00	184.00	188.00	192.00	196.00	200.00	204.00	208.00	212.00	216.00	220.00	224.00	228.00	232.00	236.00	240.00	244.00	248.00	252.00	256.00	
5.00	10.00	15.00	20.00	25.00	30.00	35.00	40.00	45.00	50.00	55.00	60.00	65.00	70.00	75.00	80.00	85.00	90.00	95.00	100.00	105.00	110.00	115.00	120.00	125.00	130.00	135.00	140.00	145.00	150.00	155.00	160.00	165.00	170.00	175.00	180.00	185.00	190.00	195.00	200.00	205.00	210.00	215.00	220.00	225.00	230.00	235.00	240.00	245.00	250.00	255.00	260.00	265.00	270.00	275.00	280.00	285.00	290.00	295.00	300.00	305.00	310.00	315.00	320.00	
6.00	12.00	18.00	24.00	30.00	36.00	42.00	48.00	54.00	60.00	66.00	72.00	78.00	84.00	90.00	96.00	102.00	108.00	114.00	120.00	126.00	132.00	138.00	144.00	150.00	156.00	162.00	168.00	174.00	180.00	186.00	192.00	198.00	204.00	210.00	216.00	222.00	228.00	234.00	240.00	246.00	252.00	258.00	264.00	270.00	276.00	282.00	288.00	294.00	300.00	306.00	312.00	318.00	324.00	330.00	336.00	342.00	348.00	354.00	360.00	366.00	372.00	378.00	384.00	
7.00	14.00	21.00	28.00	35.00	42.00	49.00	56.00	63.00	70.00	77.00	84.00	91.00	98.00	105.00	112.00	119.00	126.00	133.00	140.00	147.00	154.00	161.00	168.00	175.00	182.00	189.00	196.00	203.00	210.00	217.00	224.00	231.00	238.00	245.00	252.00	259.00	266.00	273.00	280.00	287.00	294.00	301.00	308.00	315.00	322.00	329.00	336.00	343.00	350.00	357.00	364.00	371.00	378.00	385.00	392.00	399.00	406.00	413.00	420.00	427.00	434.00	441.00	448.00	
8.00	16.00	24.00	32.00	40.00	48.00	56.00	64.00	72.00	80.00	88.00	96.00	104.00	112.00	120.00	128.00	136.00	144.00	152.00	160.00	168.00	176.00	184.00	192.00	200.00	208.00	216.00	224.00	232.00	240.00	248.00	256.00	264.00	272.00	280.00	288.00	296.00	304.00	312.00	320.00	328.00	336.00	344.00	352.00	360.00	368.00	376.00	384.00	392.00	400.00	408.00	416.00	424.00	432.00	440.00	448.00	456.00	464.00	472.00	480.00	488.00	496.00	504.00	512.00	
9.00	18.00	27.00	36.00	45.00	54.00	63.00	72.00	81.00	90.00	99.00	108.00	117.00	126.00	135.00	144.00	153.00	162.00	171.00	180.00	189.00	198.00	207.00	216.00	225.00	234.00	243.00	252.00	261.00	270.00	279.00	288.00	297.00	306.00	315.00	324.00	333.00	342.00	351.00	360.00	369.00	378.00	387.00	396.00	405.00	414.00	423.00	432.00	441.00	450.00	459.00	468.00	477.00	486.00	495.00	504.00	513.00	522.00	531.00	540.00	549.00	558.00	567.00	576.00	
10.00	20.00	30.00	40.00	50.00	60.00	70.00	80.00	90.00	100.00	110.00	120.00	130.00	140.00	150.00	160.00	170.00	180.00	190.00	200.00	210.00	220.00	230.00	240.00	250.00	260.00	270.00	280.00	290.00	300.00	310.00	320.00	330.00	340.00	350.00	360.00	370.00	380.00	390.00	400.00	410.00	420.00	430.00	440.00	450.00	460.00	470.00	480.00	490.00	500.00	510.00	520.00	530.00	540.00	550.00	560.00	570.00	580.00	590.00	600.00	610.00	620.00	630.00	640.00	
11.00	22.00	33.00	44.00	55.00	66.00	77.00	88.00	99.00	110.00	121.00	132.00	143.00	154.00	165.00	176.00	187.00	198.00	209.00	220.00	231.00	242.00	253.00	264.00	275.00	286.00	297.00	308.00	319.00	330.00	341.00	352.00	363.00	374.00	385.00	396.00	407.00	418.00	429.00	440.00	451.00	462.00	473.00	484.00	495.00	506.00	517.00	528.00	539.00	550.00	561.00	572.00	583.00	594.00	605.00	616.00	627.00	638.00	649.00	660.00	671.00	682.00	693.00	704.00	
12.00	24.00	36.00	48.00	60.00	72.00	84.00	96.00	108.00	120.00	132.00	144.00	156.00	168.00	180.00	192.00	204.00	216.00	228.00	240.00	252.00	264.00	276.00	288.00	300.00	312.00	324.00	336.00	348.00	360.00	372.00	384.00	396.00	408.00	420.00	432.00	444.00	456.00	468.00	480.00	492.00	504.00	516.00	528.00	540.00	552.00	564.00	576.00	588.00	600.00	612.00	624.00	636.00	648.00	660.00	672.00	684.00	696.00	708.00	720.00	732.00	744.00	756.00	768.00	
13.00	26.00	39.00	52.00	65.00	78.00	91.00	104.00	117.00	130.00	143.00	156.00	169.00	182.00	195.00	208.00	221.00	234.00	247.00	260.00	273.00	286.00	299.00	312.00	325.00	338.00	351.00	364.00	377.00	390.00	403.00	416.00	429.00	442.00	455.00	468.00	481.00	494.00	507.00	520.00	533.00	546.00	559.00	572.00	585.00	598.00	611.00	624.00	637.00	650.00	663.00	676.00	689.00	702.00	715.00	728.00	741.00	754.00	767.00	780.00	793.00	806.00	819.00	832.00	
14.00	28.00	42.00	56.00	70.00	84.00	98.00	112.00	126.00	140.00	154.00	168.00	182.00	196.00	210.00	224.00	238.00	252.00	266.00	280.00	294.00	308.00	322.00	336.00	350.00	364.00	378.00	392.00	406.00	420.00	434.00	448.00	462.00	476.00	490.00	504.00	518.00	532.00	546.00	560.00	574.00	588.00	602.00	616.00	630.00	644.00	658.00	672.00	686.00	700.00	714.00	728.00	742.00	756.00	770.00	784.00	798.00	812.00	826.00	840.00	854.00	868.00	882.00	896.00	
15.00	30.00	45.00	60.00	75.00	90.00	105.00	120.00	135.00	150.00	165.00	180.00	195.00	210.00	225.00	240.00	255.00	270.00	285.00	300.00	315.00	330.00	345.00	360.00	375.00	390.00	405.00	420.00	435.00	450.00	465.00	480.00	495.00	510.00	525.00	540.00	555.00	570.00	585.00	600.00	615.00	630.00	645.00	660.00	675.00	690.00	705.00	720.00	735.00	750.00	765.00	780.00	795.00	810.00	825.00	840.00	855.00	870.00	885.00	900.00	915.00	930.00	945.00	960.00	
16.00	32.00	48.00	64.00	80.00	96.00	112.00	128.00	144.00	160.00	176.00	192.00	208.00	224.00	240.00	256.00	272.00	288.00	304.00	320.00	336.00	352.00	368.00	384.00	400.00	416.00	432.00	448.00	464.00	480.00	496.00	512.00	528.00	544.00	560.00	576.00	592.00	608.00	624.00	640.00	656.00	672.00	688.00	704.00	720.00	736.00	752.00	768.00	784.00	800.00	816.00	832.00	848.00	864.00	880.00	896.00	912.00	928.00	944.00	960.00	976.00	992.00	1008.00	1024.00	
17.00	34.00	51.00	68.00	85.00	102.00	119.00	136.00	153.00	170.00	187.00	204.00	221.00	238.00	255.00	272.00	289.00	306.00	323.00	340.00	357.00	374.00	391.00	408.00	425.00	442.00	459.00	476.00	493.00	510.00	527.00	544.00	561.00	578.00	595.00	612.00	629.00	646.00	663.00	680.00	697.00	714.00	731.00	748.00	765.00	782.00	799.00	816.00	833.00	850.00	867.00	884.00	901.00	918.00	935.00	952.00	969.00	986.00	1003.00	1020.00	1037.00	1054.00	1071.00	1088.00	
18.00	36.00	54.00	72.00	90.00	108.00	126.00	144.00	162.00	180.00	198.00	216.00	234.00	252.00	270.00	288.00	306.00	324.00	342.00	360.00	378.00	396.00	414.00	432.00	450.00	468.00	486.00	504.00	522.00	540.00	558.00	576.00	594.00	612.00	630.00	648.00	666.00	684.00	702.00	720.00	738.00	756.00	774.00	792.00	810.00	828.00	846.00	864.00	882.00	900.00	918.00	936.00	954.00	972.00	990.00	1008.00	1026.00	1044.00	1062.00	1080.00	1098.00	1116.00	1134.00	1152.00	
19.00	38.00	57.00	76.00	95.00	114.00	133.00	152.00	171.00	190.00	209.00	228.00	247.00	266.00	285.00	304.00	323.00	342.00	361.00	380.00	399.00	418.00	437.00	456.00	475.00	494.00	513.00	532.00	551.00	570.00	589.00	608.00	627.00	646.00	665.00	684.00	703.00	722.00	741.00	760.00	779.00	798.00	817.00	836.00	855.00	874.00	893.00	912.00	931.00	950.00	969.00	988.00	1007.00	1026.00	1045.00	1064.00	1083.00	1102.00	1121.00	1140.00	1159.00	1178.00	1197.00	1216.00	
20.00	40.00	60.00	80.00	100.00	120.00	140.00	160.00	180.00	200.00	220.00	240.00	260.00	280.00	300.00	320.00	340.00	360.00	380.00	400.00	420.00	440.00	460.00	480.00	500.00	520.00	540.00	560.00	580.00	600.00	620.00	640.00	660.00	680.00	700.00	720.00	740.00	760.00	780.00	800.00	820.00	840.00	860.00	880.00	900.00	920.00	940.00	960.00	980.00	1000.00	1020.00	1040.00	1060.00	1080.00	1100.00	1120.00	1140.00	1160.00	1180.00	1200.00	1220.00	1240.00	1260.00	1280.00	
21.00	42.00	63.00	84.00	105.00	126.00	147.00	168.00	189.00	210.00	231.00	252.00	273.00	294.00	315.00	336.00	357.00	378.00	399.00	420.00	441.00	462.00	483.00	504.00	525.00	546.00	567.00	588.00	609.00	630.00	651.00	672.00	693.00	714.00	735.00	756.00	777.00	798.00	819.00	840.00	861.00	882.00	903.00	924.00	945.00	966.00	987.00	1008.00	1029.00	1050.00	1071.00	1092.00	1113.00	1134.00	1155.00	1176.00	1197.00	1218.00	1239.00	1260.00	1281.00	1302.00	1323.00	1344.00	
22.00	44.00	66.00	88.00	110.00	132.00	154.00	176.00	198.00	220.00	242.00	264.00	286.00	308.00	330.00	352.00	374.00	396.00	418.00	440.00	462.00	484.00	506.00	528.00	550.00	572.00	594.00	616.00	638.00	660.00	682.00	704.00	726.00	748.00	770.00	792.00	814.00	836.00	858.00	880.00	902.00	924.00	946.00	968.00	990.00	1012.00	1034.00	1056.00	1078.00	1100.00	1122.00	1144.00	1166.00	1188.00	1210.00	1232.00	1254.00	1276.00	1298.00	1320.00	1342.00	1364.00	1386.00	1408.00	
23.00	46.00	69.00	92.00	115.00	138.00	161.00	184.00	207.00	230.00	253.00	276.00	299.00	322.00	345.00	368.00	391.00	414.00	437.00	460.00	483.00	506.00	529.00	552.00	575.00	598.00	621.00	644.00	667.00	690.00	713.00	736.00	759.00	782.00	805.00	828.00	851.00	874.00	897.00	920.00	943.00	966.00	989.00	1012.00	1035.00	1058.00	1081.00	1104.00	1127.00	1150.00	1173.00	1196.00	1219.00	1242.00	1265.00	1288.00	1311.00	1334.00	1357.00	1380.00	1403.00	1426.00	1449.00	1472.00	
24.00	48.00	72.00	96.00	120.00	144.00	168.00	192.00	216.00	240.00	264.00	288.00	312.00	336.00	360.00	384.00	408.00	432.00	456.00	480.00	504.00	528.00	552.00	576.00	600.00	624.00	648.00	672.00	696.00	720.00	744.00	768.00	792.00	816.00	840.00	864.00	888.00	912.00	936.00	960.00	984.00	1008.00	1032.00	1056.00	1080.00	1104.00	1128.00	1152.00	1176.00	1200.00	1224.00	1248.00	1272.00	1296.00	1320.00	1344.00	1368.00	1392.00	1416.00	1440.00	1464.00	1488.00	1512.00	1536.00	
25.00	50.00	75.00	100.00	125.00	150.00	175.00	200.00	225.00	250.00	275.00	300.00	325.00	350.00	375.00	400.00	425.00	450.00	475.00	500.00	525.00	550.00	575.00	600.00	625.00	650.00	675.00	700.00	725.00	750.00	775.00	800.00	825.00	850.00	875.00	900.00	925.00	950.00	975.00	1000.00	1025.00	1050.00	1075.00	1100.00	1125.00	1150.00	1175.00	1200.00	1225.00	1250.00	1275.00	1300.00	1325.00	1350.00	1375.00	1400.00	1425.00	1450.00	1475.00	1500.00	1525.00	1550.00	1575.00	1600.00	
26.00	52.00	78.00	104.00	130.00	156.00	182.00	208.00	234.00	260.00	286.00	312.00	338.00	364.00	390.00	416.00	442.00	468.00	494.00	520.00	546.00	572.00	598.00	624.00	650.00	676.00	702.00	728.00	754.00	780.00	806.00	832.00	858.00	884.00	910.00	936.00	962.00	988.00	1014.00	1040.00	1066.00	1092.00	1118.00	1144.00	1170.00	1196.00	1222.00	1248.00	1274.00	1300.00	1326.00	1352.00	1378.00	1404.00	1430.00	1456.00	1482.00	1508.00	1534.00	1560.00	1586.00	1612.00	1638.00	1664.00	
27.00	54.00	81.00	108.00	135.00	162.00	189.00	216.00	243.00	270.00	297.00	324.00	351.00	378.00	405.00	432.00	459.00	486.00	513.00	540.00	567.00	594.00	621.00	648.00	675.00	702.00	729.00	756.00	783.00	810.00	837.00	864.00	891.00	918.00	945.00	972.00	999.00	1026.00	1053.00	1080.00	1107.00	1134.00	1161.00	1188.00	1215.00	1242.00	1269.00	1296.00	1323.00	1350.00	1377.00	1404.00	1431.00	1458.00	1485.00	1512.00	1539.00	1566.00	1593.00	1620.00	1647.00	1674.00	1701.00	1728.00	
28.00	56.00	84.00	112.00	140.00	168.00	196.00	224.00	252.00	280.00	308.00	336.00	364.00	392.00	420.00	448.00	476.00	504.00	532.00	560.00	588.00	616.00	644.00	672.00	700.00	728.00	756.00	784.00	812.00	840.00	868.00	896.00	924.00	952.00	980.00	1008.00	1036.00	1064.00	1092.00	1120.00	1148.00	1176.00	1204.00	1232.00	1260.00	1288.00	1316.00	1344.00	1372.00	1400.00	1428.00	1456.00	1484.00	1512.00	1540.00	1568.00	1596.00	1624.00	1652.00	1680.00	1708.00	1736.00	1764.00	1792.00	
29.00	58.00	87.00	116.00	145.00	174.00	203.00	232.00	261.00	290.00	319.00	348.00	377.00	406.00	435.00	464.00	493.00	522.00	551.00	580.00	609.00	638.00	667.00	696.00	725.00	754.00	783.00	812.00	841.00	870.00	899.00	928.00	957.00	986.00	1015.00	1044.00	1073.00	1102.00	1131.00	1160.00	1189.00	1218.00	1247.00	1276.00	1305.00	1334.00	1363.00	1392.00	1421.00	1450.00	1479.00	1508.00	1537.00	1566.00	1595.00	1624.00	1653.00	1682.00	1711.00	1740.00	1769.00	1798.00	1827.00	1856.00	
30.00	60.00	90.00	120.00	150.00	180.00	210.00	240.00	270.00	300.00	330.00	360.00	390.00	420.00	450.00	480.00	510.00	540.00	570.00	600.00	630.00	660.00	690.00	720.00	750.00	780.00	810.00	840.00	870.00	900.00	930.00	960.00	990.00	1020.00	1050.00	1080.00	1110.00	1140.00	1170.00	1200.00	1230.00	1260.00	1290.00	1320.00	1350.00	1380.00	1410.00	1440.00	1470.00	1500.00	1530.00	1560.00	1590.00	1620.00	1650.00	1680.00	1710.00	1740.00	1770.00	1800.00	1830.00	1860.00	1890.00	1920.00	
31.00	62.00	93.00	124.00	155.00	186.00	217.00	248.00	279.00	310.00	341.00	372.00	403.00	434.00	465.00	496.00	527.00	558.00	589.00	620.00	651.00	682.00	713.00	744.00	775.00	806.00	837.00	868.00	899.00	930.00	961.00	992.00	1023.00	1054.00	1085.00	1116.00	1147.00	1178.00	1209.00	1240.00	1271.00	1302.00	1333.00	1364.00	1395.00	1426.00	1457.00	1488.00	1519.00	1550.00	1581.00	1612.00	1643.00	1674.00	1705.00	1736.00	1767.00	1798.00	1829.00	1860.00	1891.00	1922.00	1953.00	1984.00	
32.00	64.00	96.00	128.00	160.00	192.00	224.00	256.00	288.00	320.00	352.00	384.00	416.00	448.00	480.00	512.00	544.00	576.00	608.00	640.00	672.00	704.00	736.00	768.00	800.00	832.00	864.00	896.00	928.00	960.00	992.00	1024.00	1056.00	1088.00	1120.00	1152.00	1184.00	1216.00	1248.00	1280.00	1312.00	1344.00	1376.00	1408.00	1440.00	1472.00	1504.00	1536.00	1568.00	1600.00	1632.00	1664.00	1696.00	1728.00	1760.00	1792.00	1824.00	1856.00	1888.00	1920.00	1952.00	1984.00	2016.00	2048.00	
33.00	66.00	99.00	132.00	165.00	198.00	231.00	264.00	297.00	330.00	363.00	396.00	429.00	462.00	495.00	528.00	561.00	594.00	627.00	660.00	693.00	726.00	759.00	792.00	825.00	858.00	891.00	924.00	957.00	990.00	1023.00	1056.00	1089.00	1122.00	1155.00	1188.00	1221.00	1254.00	1287.00	1320.00	1353.00	1386.00	1419.00	1452.00	1485.00	1518.00	1551.00	1584.00	1617.00	1650.00	1683.00	1716.00	1749.00	1782.00	1815.00	1848.00	1881.00	1914.00	1947.00	1980.00	2013.00	2046.00	2079.00	2112.00	
34.00	68.00	102.00	136.00	170.00	204.00	238.00	272.00	306.00	340.00	374.00	408.00	442.00	476.00	510.00	544.00	578.00	612.00	646.00	680.00	714.00	748.00	782.00	816.00	850.00	884.00	918.00	952.00	986.00	1020.00	1054.00	1088.00	1122.00	1156.00	1190.00	1224.00	1258.00	1292.00	1326.00	1360.00	1394.00	1428.00	1462.00	1496.00	1530.00	1564.00	1598.00	1632.00	1666.00	1700.00	1734.00	1768.00	1802.00	1836.00	1870.00	1904.00	1938.00	1972.00	2006.00	2040.00	2074.00	2108.00	2142.00	2176.00	
35.00	70.00	105.00	140.00	175.00	210.00	245.00	280.00	315.00	350.00	385.00	420.00	455.00	490.00	525.00	560.00	595.00	630.00	665.00	700.00	735.00	770.00	805.00	840.00	875.00	910.00	945.00	980.00	1015.00	1050.00	1085.00	1120.00	1155.00	1190.00	1225.00	1260.00	1295.00	1330.00	1365.00	1400.00	1435.00	1470.00	1505.00	1540.00	1575.00	1610.00	1645.00	1680.00	1715.00	1750.00	1785.00	1820.00	1855.00	1890.00	1925.00	1960.00	1995.00	2030.00	2065.00	2100.00	2135.00	2170.00	2205.00	2240.00	
36.00	72.00	108.00	144.00	180.00	216.00	252.00	288.00	324.00	360.00	396.00	432.00	468.00	504.00	540.00	576.00	612.00	648.00	684.00	720.00	756.00	792.00	828.00	864.00	900.00	936.00	972.00	1008.00	1044.00	1080.00	1116.00	1152.00	1188.00	1224.00	1260.00	1296.00	1332.00	1368.00	1404.00	1440.00	1476.00	1512.00	1548.00	1584.00	1620.00	1656.00	1692.00	1728.00	1764.00	1800.00	1836.00	1872.00	1908.00	1944.00	1980.00	2016.00	2052.00	2088.00	2124.00	2160.00	2196.00	2232.00	2268.00	2304.00	
37.00	74.00	111.00	148.00	185.00	222.00	259.00	296.00	333.00	370.00	407.00	444.00	481.00	518.00	555.00	592.00	629.00	666.00	703.00	740.00	777.00	814.00	851.00	888.00	925.00	962.00	999.00	1036.00	1073.00	1110.00	1147.00	1184.00	1221.00	1258.00	1295.00	1332.00	1369.00	1406.00	1443.00	1480.00	1517.00	1554.00	1591.00	1628.00	1665.00	1702.00	1739.00	1776.00	1813.00	1850.00	1887.00	1924.00	1961.00	1998.00	2035.00	2072.00	2109.00	2146.00	2183.00	2220.00	2257.00	2294.00	2331.00	2368.00	
38.00	76.00	114.00	152.00	190.00	228.00	266.00	304.00	342.00	380.00	418.00	456.00	494.00	532.00	570.00	608.00	646.00	684.00	722.00	760.00	798.00	836.00	874.00	912.00	950.00	988.00	1026.00	1064.00	1102.00	1140.00	1178.00	1216.00	1254.00	1292.00	1330.00	1368.00	1406.00	1444.00	1482.00	1520.00	1558.00	1596.00	1634.00	1672.00	1710.00	1748.00	1786.00	1824.00	1862.00	1900.00	1938.00	1976.00	2014.00	2052.00	2090.00	2128.00	2166.00	2204.00	2242.00	2280.00	2318.00	2356.00	2394.00	2432.00	
39.00	78.00	117.00	156.00	195.00	234.00	273.00	312.00	351.00	390.00	429.00	468.00	507.00	546.00	585.00	624.00	663.00	702.00	741.00	780.00	819.00	858.00	897.00	936.00	975.00	1014.00	1053.00	1092.00	1131.00	1170.00	1209.00	1248.00	1287.00	1326.00	1365.00	1404.00	1443.00	1482.00	1521.00	1560.00	1599.00	1638.00	1677.00	1716.00	1755.00	1794.00	1833.00	1872.00	1911.00	1950.00	1989.00	2028.00	2067.00	2106.00	2145.00	2184.00	2223.00	2262.00	2301.00	2340.00	2379.00	2418.00	2457.00	2496.00	
40.00	80.00	120.00	160.00	200.00	240.00	280.00	320.00	360.00	400.00	440.00	480.00	520.00	560.00	600.00	640.00	680.00	720.00	760.00	800.00	840.00	880.00	920.00	960.00	1000.00	1040.00	1080.00	1120.00	1160.00	1200.00	1240.00	1280.00	1320.00	1360.00	1400.00	1440.00	1480.00	1520.00	1560.00	1600.00	1640.00	1680.00	1720.00	1760.00	1800.00	1840.00	1880.00	1920.00	1960.00	2000.00	2040.00	2080.00	2120.00	2160.00	2200.00	2240.00	2280.00	2320.00	2360.00	2400.00	2440.00	2480.00	2520.00	2560.00	
41.00	82.00	123.00	164.00	205.00	246.00	287.00	328.00	369.00	410.00	451.00	492.00	533.00	574.00	615.00	656.00	697.00	738.00	779.00	820.00	861.00	902.00	943.00	984.00	1025.00	1066.00	1107.00	1148.00	1189.00	1230.00	1271.00	1312.00	1353.00	1394.00	1435.00	1476.00	1517.00	1558.00	1599.00	1640.00	1681.00	1722.00	1763.00	1804.00	1845.00	1886.00	1927.00	1968.00	2009.00	2050.00	2091.00	2132.00	2173.00	2214.00	2255.00	2296.00	2337.00	2378.00	2419.00	2460.00	2501.00	2542.00	2583.00	2624.00	
42.00	84.00	126.00	168.00	210.00	252.00	294.00	336.00	378.00	420.00	462.00	504.00	546.00	588.00	630.00	672.00	714.00	756.00	798.00	840.00	882.00	924.00	966.00	1008.00	1050.00	1092.00	1134.00	1176.00	1218.00	1260.00	1302.00	1344.00	1386.00	1428.00	1470.00	1512.00	1554.00	1596.00	1638.00	1680.00	1722.00	1764.00	1806.00	1848.00	1890.00	1932.00	1974.00	2016.00	2058.00	2100.00	2142.00	2184.00	2226.00	2268.00	2310.00	2352.00	2394.00	2436.00	2478.00	2520.00	2562.00	2604.00	2646.00	2688.00	
43.00	86.00	129.00	172.00	215.00	258.00	301.00	344.00	387.00	430.00	473.00	516.00	559.00	602.00	645.00	688.00	731.00	774.00	817.00	860.00	903.00	946.00	989.00	1032.00	1075.00	1118.00	1161.00	1204.00	1247.00	1290.00	1333.00	1376.00	1419.00	1462.00	1505.00	1548.00	1591.00	1634.00	1677.00	1720.00	1763.00	1806.00	1849.00	1892.00	1935.00	1978.00	2021.00	2064.00	2107.00	2150.00	2193.00	2236.00	2279.00	2322.00	2365.00	2408.00	2451.00	2494.00	2537.00	2580.00	2623.00	2666.00	2709.00	2752.00	
44.00	88.00	132.00	176.00	220.00	264.00	308.00	352.00	396.00	440.00	484.00	528.00	572.00	616.00	660.00	704.00	748.00	792.00	836.00	880.00	924.00	968.00	1012.00	1056.00	1100.00	1144.00	1188.00	1232.00	1276.00	1320.00	1364.00	1408.00	1452.00	1496.00	1540.00	1584.00	1628.00	1672.00	1716.00	1760.00	1804.00	1848.00	1892.00	1936.00	1980.00	2024.00	2068.00	2112.00	2156.00	2200.00	2244.00	2288.00	2332.00	2376.00	2420.00	2464.00	2508.00	2552.00	2596.00	2640.00	2684.00	2728.00	2772.00	2816.00	
45.00	90.00	135.00	180.00	225.00	270.00	315.00	360.00	405.00	450.00	495.00	540.00	585.00	630.00	675.00	720.00	765.00	810.00	855.00	900.00	945.00	990.00	1035.00	1080.00	1125.00	1170.00	1215.00	1260.00	1305.00	1350.00	1395.00	1440.00	1485.00	1530.00	1575.00	1620.00	1665.00	1710.00	1755.00	1800.00	1845.00	1890.00	1935.00	1980.00	2025.00	2070.00	2115.00	2160.00	2205.00	2250.00	2295.00	2340.00	2385.00	2430.00	2475.00	2520.00	2565.00	2610.00	2655.00	2700.00	2745.00	2790.00	2835.00	2880.00	
46.00	92.00	138.00	184.00	230.00	276.00	322.00	368.00	414.00	460.00	506.00	552.00	598.00	644.00	690.00	736.00	782.00	828.00	874.00	920.00	966.00	1012.00	1058.00	1104.00	1150.00	1196.00	1242.00	1288.00	1334.00	1380.00	1426.00	1472.00	1518.00	1564.00	1610.00	1656.00	1702.00	1748.00	1794.00	1840.00	1886.00	1932.00	1978.00	2024.00	2070.00	2116.00	2162.00	2208.00	2254.00	2300.00	2346.00	2392.00	2438.00	2484.00	2530.00	2576.00	2622.00	2668.00	2714.00	2760.00	2806.00	2852.00	2898.00	2944.00	
47.00	94.00	141.00	188.00	235.00	282.00	329.00	376.00	423.00	470.00	517.00	564.00	611.00	658.00	705.00	752.00	799.00	846.00	893.00	940.00	987.00	1034.00	1081.00	1128.00	1175.00	1222.00	1269.00	1316.00	1363.00	1410.00	1457.00	1504.00	1551.00	1598.00	1645.00	1692.00	1739.00	1786.00	1833.00	1880.00	1927.00	1974.00	2021.00	2068.00	2115.00	2162.00	2209.00	2256.00	2303.00	2350.00	2397.00	2444.00	2491.00	2538.00	2585.00	2632.00	2679.00	2726.00	2773.00	2820.00	2867.00	2914.00	2961.00	3008.00	
48.00	96.00	144.00	192.00	240.00	288.00	336.00	384.00	432.00	480.00	528.00	576.00	624.00	672.00	720.00	768.00	816.00	864.00	912.00	960.00	1008.00	1056.00	1104.00	1152.00	1200.00	1248.00	1296.00	1344.00	1392.00	1440.00	1488.00	1536.00	1584.00	1632.00	1680.00	1728.00	1776.00	1824.00	1872.00	1920.00	1968.00	2016.00	2064.00	2112.00	2160.00	2208.00	2256.00	2304.00	2352.00	2400.00	2448.00	2496.00	2544.00	2592.00	2640.00	2688.00	2736.00	2784.00	2832.00	2880.00	2928.00	2976.00	3024.00	3072.00	
49.00	98.00	147.00	196.00	245.00	294.00	343.00	392.00	441.00	490.00	539.00	588.00	637.00	686.00	735.00	784.00	833.00	882.00	931.00	980.00	1029.00	1078.00	1127.00	1176.00	1225.00	1274.00	1323.00	1372.00	1421.00	1470.00	1519.00	1568.00	1617.00	1666.00	1715.00	1764.00	1813.00	1862.00	1911.00	1960.00	2009.00	2058.00	2107.00	2156.00	2205.00	2254.00	2303.00	2352.00	2401.00	2450.00	2499.00	2548.00	2597.00	2646.00	2695.00	2744.00	2793.00	2842.00	2891.00	2940.00	2989.00	3038.00	3087.00	3136.00	
50.00	100.00	150.00	200.00	250.00	300.00	350.00	400.00	450.00	500.00	550.00	600.00	650.00	700.00	750.00	800.00	850.00	900.00	950.00	1000.00	1050.00	1100.00	1150.00	1200.00	1250.00	1300.00	1350.00	1400.00	1450.00	1500.00	1550.00	1600.00	1650.00	1700.00	1750.00	1800.00	1850.00	1900.00	1950.00	2000.00	2050.00	2100.00	2150.00	2200.00	2250.00	2300.00	2350.00	2400.00	2450.00	2500.00	2550.00	2600.00	2650.00	2700.00	2750.00	2800.00	2850.00	2900.00	2950.00	3000.00	3050.00	3100.00	3150.00	3200.00	
51.00	102.00	153.00	204.00	255.00	306.00	357.00	408.00	459.00	510.00	561.00	612.00	663.00	714.00	765.00	816.00	867.00	918.00	969.00	1020.00	1071.00	1122.00	1173.00	1224.00	1275.00	1326.00	1377.00	1428.00	1479.00	1530.00	1581.00	1632.00	1683.00	1734.00	1785.00	1836.00	1887.00	1938.00	1989.00	2040.00	2091.00	2142.00	2193.00	2244.00	2295.00	2346.00	2397.00	2448.00	2499.00	2550.00	2601.00	2652.00	2703.00	2754.00	2805.00	2856.00	2907.00	2958.00	3009.00	3060.00	3111.00	3162.00	3213.00	3264.00	
52.00	104.00	156.00	208.00	260.00	312.00	364.00	416.00	468.00	520.00	572.00	624.00	676.00	728.00	780.00	832.00	884.00	936.00	988.00	1040.00	1092.00	1144.00	1196.00	1248.00	1300.00	1352.00	1404.00	1456.00	1508.00	1560.00	1612.00	1664.00	1716.00	1768.00	1820.00	1872.00	1924.00	1976.00	2028.00	2080.00	2132.00	2184.00	2236.00	2288.00	2340.00	2392.00	2444.00	2496.00	2548.00	2600.00	2652.00	2704.00	2756.00	2808.00	2860.00	2912.00	2964.00	3016.00	3068.00	3120.00	3172.00	3224.00	3276.00	3328.00	
53.00	106.00	159.00	212.00	265.00	318.00	371.00	424.00	477.00	530.00	583.00	636.00	689.00	742.00	795.00	848.00	901.00	954.00	1007.00	1060.00	1113.00	1166.00	1219.00	1272.00	1325.00	1378.00	1431.00	1484.00	1537.00	1590.00	1643.00	1696.00	1749.00	1802.00	1855.00	1908.00	1961.00	2014.00	2067.00	2120.00	2173.00	2226.00	2279.00	2332.00	2385.00	2438.00	2491.00	2544.00	2597.00	2650.00	2703.00	2756.00	2809.00	2862.00	2915.00	2968.00	3021.00	3074.00	3127.00	3180.00	3233.00	3286.00	3339.00	3392.00	
54.00	108.00	162.00	216.00	270.00	324.00	378.00	432.00	486.00	540.00	594.00	648.00	702.00	756.00	810.00	864.00	918.00	972.00	1026.00	1080.00	1134.00	1188.00	1242.00	1296.00	1350.00	1404.00	1458.00	1512.00	1566.00	1620.00	1674.00	1728.00	1782.00	1836.00	1890.00	1944.00	1998.00	2052.00	2106.00	2160.00	2214.00	2268.00	2322.00	2376.00	2430.00	2484.00	2538.00	2592.00	2646.00	2700.00	2754.00	2808.00	2862.00	2916.00	2970.00	3024.00	3078.00	3132.00	3186.00	3240.00	3294.00	3348.00	3402.00	3456.00	
55.00	110.00	165.00	220.00	275.00	330.00	385.00	440.00	495.00	550.00	605.00	660.00	715.00	770.00	825.00	880.00	935.00	990.00	1045.00	1100.00	1155.00	1210.00	1265.00	1320.00	1375.00	1430.00	1485.00	1540.00	1595.00	1650.00	1705.00	1760.00	1815.00	1870.00	1925.00	1980.00	2035.00	2090.00	2145.00	2200.00	2255.00	2310.00	2365.00	2420.00	2475.00	2530.00	2585.00	2640.00	2695.00	2750.00	2805.00	2860.00	2915.00	2970.00	3025.00	3080.00	3135.00	3190.00	3245.00	3300.00	3355.00	3410.00	3465.00	3520.00	
56.00	112.00	168.00	224.00	280.00	336.00	392.00	448.00	504.00	560.00	616.00	672.00	728.00	784.00	840.00	896.00	952.00	1008.00	1064.00	1120.00	1176.00	1232.00	1288.00	1344.00	1400.00	1456.00	1512.00	1568.00	1624.00	1680.00	1736.00	1792.00	1848.00	1904.00	1960.00	2016.00	2072.00	2128.00	2184.00	2240.00	2296.00	2352.00	2408.00	2464.00	2520.00	2576.00	2632.00	2688.00	2744.00	2800.00	2856.00	2912.00	2968.00	3024.00	3080.00	3136.00	3192.00	3248.00	3304.00	3360.00	3416.00	3472.00	3528.00	3584.00	
57.00	114.00	171.00	228.00	285.00	342.00	399.00	456.00	513.00	570.00	627.00	684.00	741.00	798.00	855.00	912.00	969.00	1026.00	1083.00	1140.00	1197.00	1254.00	1311.00	1368.00	1425.00	1482.00	1539.00	1596.00	1653.00	1710.00	1767.00	1824.00	1881.00	1938.00	1995.00	2052.00	2109.00	2166.00	2223.00	2280.00	2337.00	2394.00	2451.00	2508.00	2565.00	2622.00	2679.00	2736.00	2793.00	2850.00	2907.00	2964.00	3021.00	3078.00	3135.00	3192.00	3249.00	3306.00	3363.00	3420.00	3477.00	3534.00	3591.00	3648.00	
58.00	116.00	174.00	232.00	290.00	348.00	406.00	464.00	522.00	580.00	638.00	696.00	754.00	812.00	870.00	928.00	986.00	1044.00	1102.00	1160.00	1218.00	1276.00	1334.00	1392.00	1450.00	1508.00	1566.00	1624.00	1682.00	1740.00	1798.00	1856.00	1914.00	1972.00	2030.00	2088.00	2146.00	2204.00	2262.00	2320.00	2378.00	2436.00	2494.00	2552.00	2610.00	2668.00	2726.00	2784.00	2842.00	2900.00	2958.00	3016.00	3074.00	3132.00	3190.00	3248.00	3306.00	3364.00	3422.00	3480.00	3538.00	3596.00	3654.00	3712.00	
59.00	118.00	177.00	236.00	295.00	354.00	413.00	472.00	531.00	590.00	649.00	708.00	767.00	826.00	885.00	944.00	1003.00	1062.00	1121.00	1180.00	1239.00	1298.00	1357.00	1416.00	1475.00	1534.00	1593.00	1652.00	1711.00	1770.00	1829.00	1888.00	1947.00	2006.00	2065.00	2124.00	2183.00	2242.00	2301.00	2360.00	2419.00	2478.00	2537.00	2596.00	2655.00	2714.00	2773.00	2832.00	2891.00	2950.00	3009.00	3068.00	3127.00	3186.00	3245.00	3304.00	3363.00	3422.00	3481.00	3540.00	3599.00	3658.00	3717.00	3776.00	
60.00	120.00	180.00	240.00	300.00	360.00	420.00	480.00	540.00	600.00	660.00	720.00	780.00	840.00	900.00	960.00	1020.00	1080.00	1140.00	1200.00	1260.00	1320.00	1380.00	1440.00	1500.00	1560.00	1620.00	1680.00	1740.00	1800.00	1860.00	1920.00	1980.00	2040.00	2100.00	2160.00	2220.00	2280.00	2340.00	2400.00	2460.00	2520.00	2580.00	2640.00	2700.00	2760.00	2820.00	2880.00	2940.00	3000.00	3060.00	3120.00	3180.00	3240.00	3300.00	3360.00	3420.00	3480.00	3540.00	3600.00	3660.00	3720.00	3780.00	3840.00	
61.00	122.00	183.00	244.00	305.00	366.00	427.00	488.00	549.00	610.00	671.00	732.00	793.00	854.00	915.00	976.00	1037.00	1098.00	1159.00	1220.00	1281.00	1342.00	1403.00	1464.00	1525.00	1586.00	1647.00	1708.00	1769.00	1830.00	1891.00	1952.00	2013.00	2074.00	2135.00	2196.00	2257.00	2318.00	2379.00	2440.00	2501.00	2562.00	2623.00	2684.00	2745.00	2806.00	2867.00	2928.00	2989.00	3050.00	3111.00	3172.00	3233.00	3294.00	3355.00	3416.00	3477.00	3538.00	3599.00	3660.00	3721.00	3782.00	3843.00	3904.00	
62.00	124.00	186.00	248.00	310.00	372.00	434.00	496.00	558.00	620.00	682.00	744.00	806.00	868.00	930.00	992.00	1054.00	1116.00	1178.00	1240.00	1302.00	1364.00	1426.00	1488.00	1550.00	1612.00	1674.00	1736.00	1798.00	1860.00	1922.00	1984.00	2046.00	2108.00	2170.00	2232.00	2294.00	2356.00	2418.00	2480.00	2542.00	2604.00	2666.00	2728.00	2790.00	2852.00	2914.00	2976.00	3038.00	3100.00	3162.00	3224.00	3286.00	3348.00	3410.00	3472.00	3534.00	3596.00	3658.00	3720.00	3782.00	3844.00	3906.00	3968.00	
63.00	126.00	189.00	252.00	315.00	378.00	441.00	504.00	567.00	630.00	693.00	756.00	819.00	882.00	945.00	1008.00	1071.00	1134.00	1197.00	1260.00	1323.00	1386.00	1449.00	1512.00	1575.00	1638.00	1701.00	1764.00	1827.00	1890.00	1953.00	2016.00	2079.00	2142.00	2205.00	2268.00	2331.00	2394.00	2457.00	2520.00	2583.00	2646.00	2709.00	2772.00	2835.00	2898.00	2961.00	3024.00	3087.00	3150.00	3213.00	3276.00	3339.00	3402.00	3465.00	3528.00	3591.00	3654.00	3717.00	3780.00	3843.00	3906.00	3969.00	4032.00	
64.00	128.00	192.00	256.00	320.00	384.00	448.00	512.00	576.00	640.00	704.00	768.00	832.00	896.00	960.00	1024.00	1088.00	1152.00	1216.00	1280.00	1344.00	1408.00	1472.00	1536.00	1600.00	1664.00	1728.00	1792.00	1856.00	1920.00	1984.00	2048.00	2112.00	2176.00	2240.00	2304.00	2368.00	2432.00	2496.00	2560.00	2624.00	2688.00	2752.00	2816.00	2880.00	2944.00	3008.00	3072.00	3136.00	3200.00	3264.00	3328.00	3392.00	3456.00	3520.00	3584.00	3648.00	3712.00	3776.00	3840.00	3904.00	3968.00	4032.00	4096.00	

1.00	0.50	0.33	0.25	0.20	0.17	0.14	0.12	0.11	0.10	0.09	0.08	0.08	0.07	0.07	0.06	0.06	0.06	0.05	0.05	0.05	0.05	0.04	0.04	0.04	0.04	0.04	0.04	0.03	0.03	0.03	0.03	0.03	0.03	0.03	0.03	0.03	0.03	0.03	0.03	0.02	0.02	0.02	0.02	0.02	0.02	0.02	0.02	0.02	0.02	0.02	0.02	0.02	0.02	0.02	0.02	0.02	0.02	0.02	0.02	0.02	0.02	0.02	0.02	
0.50	0.25	0.17	0.12	0.10	0.08	0.07	0.06	0.06	0.05	0.05	0.04	0.04	0.04	0.03	0.03	0.03	0.03	0.03	0.03	0.02	0.02	0.02	0.02	0.02	0.02	0.02	0.02	0.02	0.02	0.02	0.02	0.02	0.01	0.01	0.01	0.01	0.01	0.01	0.01	0.01	0.01	0.01	0.01	0.01	0.01	0.01	0.01	0.01	0.01	0.01	0.01	0.01	0.01	0.01	0.01	0.01	0.01	0.01	0.01	0.01	0.01	0.01	0.01	
0.33	0.17	0.11	0.08	0.07	0.06	0.05	0.04	0.04	0.03	0.03	0.03	0.03	0.02	0.02	0.02	0.02	0.02	0.02	0.02	0.02	0.02	0.01	0.01	0.01	0.01	0.01	0.01	0.01	0.01	0.01	0.01	0.01	0.01	0.01	0.01	0.01	0.01	0.01	0.01	0.01	0.01	0.01	0.01	0.01	0.01	0.01	0.01	0.01	0.01	0.01	0.01	0.01	0.01	0.01	0.01	0.01	0.01	0.01	0.01	0.01	0.01	0.01	0.01	
0.25	0.12	0.08	0.06	0.05	0.04	0.04	0.03	0.03	0.03	0.02	0.02	0.02	0.02	0.02	0.02	0.01	0.01	0.01	0.01	0.01	0.01	0.01	0.01	0.01	0.01	0.01	0.01	0.01	0.01	0.01	0.01	0.01	0.01	0.01	0.01	0.01	0.01	0.01	0.01	0.01	0.01	0.01	0.01	0.01	0.01	0.01	0.01	0.01	0.00	0.00	0.00	0.00	0.00	0.00	0.00	0.00	0.00	0.00	0.00	0.00	0.00	0.00	0.00	
0.20	0.10	0.07	0.05	0.04	0.03	0.03	0.03	0.02	0.02	0.02	0.02	0.02	0.01	0.01	0.01	0.01	0.01	0.01	0.01	0.01	0.01	0.01	0.01	0.01	0.01	0.01	0.01	0.01	0.01	0.01	0.01	0.01	0.01	0.01	0.01	0.01	0.01	0.01	0.00	0.00	0.00	0.00	0.00	0.00	0.00	0.00	0.00	0.00	0.00	0.00	0.00	0.00	0.00	0.00	0.00	0.00	0.00	0.00	0.00	0.00	0.00	0.00	0.00	
0.17	0.08	0.06	0.04	0.03	0.03	0.02	0.02	0.02	0.02	0.02	0.01	0.01	0.01	0.01	0.01	0.01	0.01	0.01	0.01	0.01	0.01	0.01	0.01	0.01	0.01	0.01	0.01	0.01	0.01	0.01	0.01	0.01	0.00	0.00	0.00	0.00	0.00	0.00	0.00	0.00	0.00	0.00	0.00	0.00	0.00	0.00	0.00	0.00	0.00	0.00	0.00	0.00	0.00	0.00	0.00	0.00	0.00	0.00	0.00	0.00	0.00	0.00	0.00	
0.14	0.07	0.05	0.04	0.03	0.02	0.02	0.02	0.02	0.01	0.01	0.01	0.01	0.01	0.01	0.01	0.01	0.01	0.01	0.01	0.01	0.01	0.01	0.01	0.01	0.01	0.01	0.01	0.00	0.00	0.00	0.00	0.00	0.00	0.00	0.00	0.00	0.00	0.00	0.00	0.00	0.00	0.00	0.00	0.00	0.00	0.00	0.00	0.00	0.00	0.00	0.00	0.00	0.00	0.00	0.00	0.00	0.00	0.00	0.00	0.00	0.00	0.00	0.00	
0.12	0.06	0.04	0.03	0.03	0.02	0.02	0.02	0.01	0.01	0.01	0.01	0.01	0.01	0.01	0.01	0.01	0.01	0.01	0.01	0.01	0.01	0.01	0.01	0.00	0.00	0.00	0.00	0.00	0.00	0.00	0.00	0.00	0.00	0.00	0.00	0.00	0.00	0.00	0.00	0.00	0.00	0.00	0.00	0.00	0.00	0.00	0.00	0.00	0.00	0.00	0.00	0.00	0.00	0.00	0.00	0.00	0.00	0.00	0.00	0.00	0.00	0.00	0.00	
0.11	0.06	0.04	0.03	0.02	0.02	0.02	0.01	0.01	0.01	0.01	0.01	0.01	0.01	0.01	0.01	0.01	0.01	0.01	0.01	0.01	0.01	0.00	0.00	0.00	0.00	0.00	0.00	0.00	0.00	0.00	0.00	0.00	0.00	0.00	0.00	0.00	0.00	0.00	0.00	0.00	0.00	0.00	0.00	0.00	0.00	0.00	0.00	0.00	0.00	0.00	0.00	0.00	0.00	0.00	0.00	0.00	0.00	0.00	0.00	0.00	0.00	0.00	0.00	
0.10	0.05	0.03	0.03	0.02	0.02	0.01	0.01	0.01	0.01	0.01	0.01	0.01	0.01	0.01	0.01	0.01	0.01	0.01	0.00	0.00	0.00	0.00	0.00	0.00	0.00	0.00	0.00	0.00	0.00	0.00	0.00	0.00	0.00	0.00	0.00	0.00	0.00	0.00	0.00	0.00	0.00	0.00	0.00	0.00	0.00	0.00	0.00	0.00	0.00	0.00	0.00	0.00	0.00	0.00	0.00	0.00	0.00	0.00	0.00	0.00	0.00	0.00	0.00	
0.09	0.05	0.03	0.02	0.02	0.02	0.01	0.01	0.01	0.01	0.01	0.01	0.01	0.01	0.01	0.01	0.01	0.01	0.00	0.00	0.00	0.00	0.00	0.00	0.00	0.00	0.00	0.00	0.00	0.00	0.00	0.00	0.00	0.00	0.00	0.00	0.00	0.00	0.00	0.00	0.00	0.00	0.00	0.00	0.00	0.00	0.00	0.00	0.00	0.00	0.00	0.00	0.00	0.00	0.00	0.00	0.00	0.00	0.00	0.00	0.00	0.00	0.00	0.00	
0.08	0.04	0.03	0.02	0.02	0.01	0.01	0.01	0.01	0.01	0.01	0.01	0.01	0.01	0.01	0.01	0.00	0.00	0.00	0.00	0.00	0.00	0.00	0.00	0.00	0.00	0.00	0.00	0.00	0.00	0.00	0.00	0.00	0.00	0.00	0.00	0.00	0.00	0.00	0.00	0.00	0.00	0.00	0.00	0.00	0.00	0.00	0.00	0.00	0.00	0.00	0.00	0.00	0.00	0.00	0.00	0.00	0.00	0.00	0.00	0.00	0.00	0.00	0.00	
0.08	0.04	0.03	0.02	0.02	0.01	0.01	0.01	0.01	0.01	0.01	0.01	0.01	0.01	0.01	0.00	0.00	0.00	0.00	0.00	0.00	0.00	0.00	0.00	0.00	0.00	0.00	0.00	0.00	0.00	0.00	0.00	0.00	0.00	0.00	0.00	0.00	0.00	0.00	0.00	0.00	0.00	0.00	0.00	0.00	0.00	0.00	0.00	0.00	0.00	0.00	0.00	0.00	0.00	0.00	0.00	0.00	0.00	0.00	0.00	0.00	0.00	0.00	0.00	
0.07	0.04	0.02	0.02	0.01	0.01	0.01	0.01	0.01	0.01	0.01	0.01	0.01	0.01	0.00	0.00	0.00	0.00	0.00	0.00	0.00	0.00	0.00	0.00	0.00	0.00	0.00	0.00	0.00	0.00	0.00	0.00	0.00	0.00	0.00	0.00	0.00	0.00	0.00	0.00	0.00	0.00	0.00	0.00	0.00	0.00	0.00	0.00	0.00	0.00	0.00	0.00	0.00	0.00	0.00	0.00	0.00	0.00	0.00	0.00	0.00	0.00	0.00	0.00	
0.07	0.03	0.02	0.02	0.01	0.01	0.01	0.01	0.01	0.01	0.01	0.01	0.01	0.00	0.00	0.00	0.00	0.00	0.00	0.00	0.00	0.00	0.00	0.00	0.00	0.00	0.00	0.00	0.00	0.00	0.00	0.00	0.00	0.00	0.00	0.00	0.00	0.00	0.00	0.00	0.00	0.00	0.00	0.00	0.00	0.00	0.00	0.00	0.00	0.00	0.00	0.00	0.00	0.00	0.00	0.00	0.00	0.00	0.00	0.00	0.00	0.00	0.00	0.00	
0.06	0.03	0.02	0.02	0.01	0.01	0.01	0.01	0.01	0.01	0.01	0.01	0.00	0.00	0.00	0.00	0.00	0.00	0.00	0.00	0.00	0.00	0.00	0.00	0.00	0.00	0.00	0.00	0.00	0.00	0.00	0.00	0.00	0.00	0.00	0.00	0.00	0.00	0.00	0.00	0.00	0.00	0.00	0.00	0.00	0.00	0.00	0.00	0.00	0.00	0.00	0.00	0.00	0.00	0.00	0.00	0.00	0.00	0.00	0.00	0.00	0.00	0.00	0.00	
0.06	0.03	0.02	0.01	0.01	0.01	0.01	0.01	0.01	0.01	0.01	0.00	0.00	0.00	0.00	0.00	0.00	0.00	0.00	0.00	0.00	0.00	0.00	0.00	0.00	0.00	0.00	0.00	0.00	0.00	0.00	0.00	0.00	0.00	0.00	0.00	0.00	0.00	0.00	0.00	0.00	0.00	0.00	0.00	0.00	0.00	0.00	0.00	0.00	0.00	0.00	0.00	0.00	0.00	0.00	0.00	0.00	0.00	0.00	0.00	0.00	0.00	0.00	0.00	
0.06	0.03	0.02	0.01	0.01	0.01	0.01	0.01	0.01	0.01	0.01	0.00	0.00	0.00	0.00	0.00	0.00	0.00	0.00	0.00	0.00	0.00	0.00	0.00	0.00	0.00	0.00	0.00	0.00	0.00	0.00	0.00	0.00	0.00	0.00	0.00	0.00	0.00	0.00	0.00	0.00	0.00	0.00	0.00	0.00	0.00	0.00	0.00	0.00	0.00	0.00	0.00	0.00	0.00	0.00	0.00	0.00	0.00	0.00	0.00	0.00	0.00	0.00	0.00	
0.05	0.03	0.02	0.01	0.01	0.01	0.01	0.01	0.01	0.01	0.00	0.00	0.00	0.00	0.00	0.00	0.00	0.00	0.00	0.00	0.00	0.00	0.00	0.00	0.00	0.00	0.00	0.00	0.00	0.00	0.00	0.00	0.00	0.00	0.00	0.00	0.00	0.00	0.00	0.00	0.00	0.00	0.00	0.00	0.00	0.00	0.00	0.00	0.00	0.00	0.00	0.00	0.00	0.00	0.00	0.00	0.00	0.00	0.00	0.00	0.00	0.00	0.00	0.00	
0.05	0.03	0.02	0.01	0.01	0.01	0.01	0.01	0.01	0.00	0.00	0.00	0.00	0.00	0.00	0.00	0.00	0.00	0.00	0.00	0.00	0.00	0.00	0.00	0.00	0.00	0.00	0.00	0.00	0.00	0.00	0.00	0.00	0.00	0.00	0.00	0.00	0.00	0.00	0.00	0.00	0.00	0.00	0.00	0.00	0.00	0.00	0.00	0.00	0.00	0.00	0.00	0.00	0.00	0.00	0.00	0.00	0.00	0.00	0.00	0.00	0.00	0.00	0.00	
0.05	0.02	0.02	0.01	0.01	0.01	0.01	0.01	0.01	0.00	0.00	0.00	0.00	0.00	0.00	0.00	0.00	0.00	0.00	0.00	0.00	0.00	0.00	0.00	0.00	0.00	0.00	0.00	0.00	0.00	0.00	0.00	0.00	0.00	0.00	0.00	0.00	0.00	0.00	0.00	0.00	0.00	0.00	0.00	0.00	0.00	0.00	0.00	0.00	0.00	0.00	0.00	0.00	0.00	0.00	0.00	0.00	0.00	0.00	0.00	0.00	0.00	0.00	0.00	
0.05	0.02	0.02	0.01	0.01	0.01	0.01	0.01	0.01	0.00	0.00	0.00	0.00	0.00	0.00	0.00	0.00	0.00	0.00	0.00	0.00	0.00	0.00	0.00	0.00	0.00	0.00	0.00	0.00	0.00	0.00	0.00	0.00	0.00	0.00	0.00	0.00	0.00	0.00	0.00	0.00	0.00	0.00	0.00	0.00	0.00	0.00	0.00	0.00	0.00	0.00	0.00	0.00	0.00	0.00	0.00	0.00	0.00	0.00	0.00	0.00	0.00	0.00	0.00	
0.04	0.02	0.01	0.01	0.01	0.01	0.01	0.01	0.00	0.00	0.00	0.00	0.00	0.00	0.00	0.00	0.00	0.00	0.00	0.00	0.00	0.00	0.00	0.00	0.00	0.00	0.00	0.00	0.00	0.00	0.00	0.00	0.00	0.00	0.00	0.00	0.00	0.00	0.00	0.00	0.00	0.00	0.00	0.00	0.00	0.00	0.00	0.00	0.00	0.00	0.00	0.00	0.00	0.00	0.00	0.00	0.00	0.00	0.00	0.00	0.00	0.00	0.00	0.00	
0.04	0.02	0.01	0.01	0.01	0.01	0.01	0.01	0.00	0.00	0.00	0.00	0.00	0.00	0.00	0.00	0.00	0.00	0.00	0.00	0.00	0.00	0.00	0.00	0.00	0.00	0.00	0.00	0.00	0.00	0.00	0.00	0.00	0.00	0.00	0.00	0.00	0.00	0.00	0.00	0.00	0.00	0.00	0.00	0.00	0.00	0.00	0.00	0.00	0.00	0.00	0.00	0.00	0.00	0.00	0.00	0.00	0.00	0.00	0.00	0.00	0.00	0.00	0.00	
0.04	0.02	0.01	0.01	0.01	0.01	0.01	0.00	0.00	0.00	0.00	0.00	0.00	0.00	0.00	0.00	0.00	0.00	0.00	0.00	0.00	0.00	0.00	0.00	0.00	0.00	0.00	0.00	0.00	0.00	0.00	0.00	0.00	0.00	0.00	0.00	0.00	0.00	0.00	0.00	0.00	0.00	0.00	0.00	0.00	0.00	0.00	0.00	0.00	0.00	0.00	0.00	0.00	0.00	0.00	0.00	0.00	0.00	0.00	0.00	0.00	0.00	0.00	0.00	
0.04	0.02	0.01	0.01	0.01	0.01	0.01	0.00	0.00	0.00	0.00	0.00	0.00	0.00	0.00	0.00	0.00	0.00	0.00	0.00	0.00	0.00	0.00	0.00	0.00	0.00	0.00	0.00	0.00	0.00	0.00	0.00	0.00	0.00	0.00	0.00	0.00	0.00	0.00	0.00	0.00	0.00	0.00	0.00	0.00	0.00	0.00	0.00	0.00	0.00	0.00	0.00	0.00	0.00	0.00	0.00	0.00	0.00	0.00	0.00	0.00	0.00	0.00	0.00	
0.04	0.02	0.01	0.01	0.01	0.01	0.01	0.00	0.00	0.00	0.00	0.00	0.00	0.00	0.00	0.00	0.00	0.00	0.00	0.00	0.00	0.00	0.00	0.00	0.00	0.00	0.00	0.00	0.00	0.00	0.00	0.00	0.00	0.00	0.00	0.00	0.00	0.00	0.00	0.00	0.00	0.00	0.00	0.00	0.00	0.00	0.00	0.00	0.00	0.00	0.00	0.00	0.00	0.00	0.00	0.00	0.00	0.00	0.00	0.00	0.00	0.00	0.00	0.00	
0.04	0.02	0.01	0.01	0.01	0.01	0.01	0.00	0.00	0.00	0.00	0.00	0.00	0.00	0.00	0.00	0.00	0.00	0.00	0.00	0.00	0.00	0.00	0.00	0.00	0.00	0.00	0.00	0.00	0.00	0.00	0.00	0.00	0.00	0.00	0.00	0.00	0.00	0.00	0.00	0.00	0.00	0.00	0.00	0.00	0.00	0.00	0.00	0.00	0.00	0.00	0.00	0.00	0.00	0.00	0.00	0.00	0.00	0.00	0.00	0.00	0.00	0.00	0.00	
0.03	0.02	0.01	0.01	0.01	0.01	0.00	0.00	0.00	0.00	0.00	0.00	0.00	0.00	0.00	0.00	0.00	0.00	0.00	0.00	0.00	0.00	0.00	0.00	0.00	0.00	0.00	0.00	0.00	0.00	0.00	0.00	0.00	0.00	0.00	0.00	0.00	0.00	0.00	0.00	0.00	0.00	0.00	0.00	0.00	0.00	0.00	0.00	0.00	0.00	0.00	0.00	0.00	0.00	0.00	0.00	0.00	0.00	0.00	0.00	0.00	0.00	0.00	0.00	
0.03	0.02	0.01	0.01	0.01	0.01	0.00	0.00	0.00	0.00	0.00	0.00	0.00	0.00	0.00	0.00	0.00	0.00	0.00	0.00	0.00	0.00	0.00	0.00	0.00	0.00	0.00	0.00	0.00	0.00	0.00	0.00	0.00	0.00	0.00	0.00	0.00	0.00	0.00	0.00	0.00	0.00	0.00	0.00	0.00	0.00	0.00	0.00	0.00	0.00	0.00	0.00	0.00	0.00	0.00	0.00	0.00	0.00	0.00	0.00	0.00	0.00	0.00	0.00	
0.03	0.02	0.01	0.01	0.01	0.01	0.00	0.00	0.00	0.00	0.00	0.00	0.00	0.00	0.00	0.00	0.00	0.00	0.00	0.00	0.00	0.00	0.00	0.00	0.00	0.00	0.00	0.00	0.00	0.00	0.00	0.00	0.00	0.00	0.00	0.00	0.00	0.00	0.00	0.00	0.00	0.00	0.00	0.00	0.00	0.00	0.00	0.00	0.00	0.00	0.00	0.00	0.00	0.00	0.00	0.00	0.00	0.00	0.00	0.00	0.00	0.00	0.00	0.00	
0.03	0.02	0.01	0.01	0.01	0.01	0.00	0.00	0.00	0.00	0.00	0.00	0.00	0.00	0.00	0.00	0.00	0.00	0.00	0.00	0.00	0.00	0.00	0.00	0.00	0.00	0.00	0.00	0.00	0.00	0.00	0.00	0.00	0.00	0.00	0.00	0.00	0.00	0.00	0.00	0.00	0.00	0.00	0.00	0.00	0.00	0.00	0.00	0.00	0.00	0.00	0.00	0.00	0.00	0.00	0.00	0.00	0.00	0.00	0.00	0.00	0.00	0.00	0.00	
0.03	0.02	0.01	0.01	0.01	0.01	0.00	0.00	0.00	0.00	0.00	0.00	0.00	0.00	0.00	0.00	0.00	0.00	0.00	0.00	0.00	0.00	0.00	0.00	0.00	0.00	0.00	0.00	0.00	0.00	0.00	0.00	0.00	0.00	0.00	0.00	0.00	0.00	0.00	0.00	0.00	0.00	0.00	0.00	0.00	0.00	0.00	0.00	0.00	0.00	0.00	0.00	0.00	0.00	0.00	0.00	0.00	0.00	0.00	0.00	0.00	0.00	0.00	0.00	
0.03	0.01	0.01	0.01	0.01	0.00	0.00	0.00	0.00	0.00	0.00	0.00	0.00	0.00	0.00	0.00	0.00	0.00	0.00	0.00	0.00	0.00	0.00	0.00	0.00	0.00	0.00	0.00	0.00	0.00	0.00	0.00	0.00	0.00	0.00	0.00	0.00	0.00	0.00	0.00	0.00	0.00	0.00	0.00	0.00	0.00	0.00	0.00	0.00	0.00	0.00	0.00	0.00	0.00	0.00	0.00	0.00	0.00	0.00	0.00	0.00	0.00	0.00	0.00	
0.03	0.01	0.01	0.01	0.01	0.00	0.00	0.00	0.00	0.00	0.00	0.00	0.00	0.00	0.00	0.00	0.00	0.00	0.00	0.00	0.00	0.00	0.00	0.00	0.00	0.00	0.00	0.00	0.00	0.00	0.00	0.00	0.00	0.00	0.00	0.00	0.00	0.00	0.00	0.00	0.00	0.00	0.00	0.00	0.00	0.00	0.00	0.00	0.00	0.00	0.00	0.00	0.00	0.00	0.00	0.00	0.00	0.00	0.00	0.00	0.00	0.00	0.00	0.00	
0.03	0.01	0.01	0.01	0.01	0.00	0.00	0.00	0.00	0.00	0.00	0.00	0.00	0.00	0.00	0.00	0.00	0.00	0.00	0.00	0.00	0.00	0.00	0.00	0.00	0.00	0.00	0.00	0.00	0.00	0.00	0.00	0.00	0.00	0.00	0.00	0.00	0.00	0.00	0.00	0.00	0.00	0.00	0.00	0.00	0.00	0.00	0.00	0.00	0.00	0.00	0.00	0.00	0.00	0.00	0.00	0.00	0.00	0.00	0.00	0.00	0.00	0.00	0.00	
0.03	0.01	0.01	0.01	0.01	0.00	0.00	0.00	0.00	0.00	0.00	0.00	0.00	0.00	0.00	0.00	0.00	0.00	0.00	0.00	0.00	0.00	0.00	0.00	0.00	0.00	0.00	0.00	0.00	0.00	0.00	0.00	0.00	0.00	0.00	0.00	0.00	0.00	0.00	0.00	0.00	0.00	0.00	0.00	0.00	0.00	0.00	0.00	0.00	0.00	0.00	0.00	0.00	0.00	0.00	0.00	0.00	0.00	0.00	0.00	0.00	0.00	0.00	0.00	
0.03	0.01	0.01	0.01	0.01	0.00	0.00	0.00	0.00	0.00	0.00	0.00	0.00	0.00	0.00	0.00	0.00	0.00	0.00	0.00	0.00	0.00	0.00	0.00	0.00	0.00	0.00	0.00	0.00	0.00	0.00	0.00	0.00	0.00	0.00	0.00	0.00	0.00	0.00	0.00	0.00	0.00	0.00	0.00	0.00	0.00	0.00	0.00	0.00	0.00	0.00	0.00	0.00	0.00	0.00	0.00	0.00	0.00	0.00	0.00	0.00	0.00	0.00	0.00	
0.03	0.01	0.01	0.01	0.01	0.00	0.00	0.00	0.00	0.00	0.00	0.00	0.00	0.00	0.00	0.00	0.00	0.00	0.00	0.00	0.00	0.00	0.00	0.00	0.00	0.00	0.00	0.00	0.00	0.00	0.00	0.00	0.00	0.00	0.00	0.00	0.00	0.00	0.00	0.00	0.00	0.00	0.00	0.00	0.00	0.00	0.00	0.00	0.00	0.00	0.00	0.00	0.00	0.00	0.00	0.00	0.00	0.00	0.00	0.00	0.00	0.00	0.00	0.00	
0.03	0.01	0.01	0.01	0.00	0.00	0.00	0.00	0.00	0.00	0.00	0.00	0.00	0.00	0.00	0.00	0.00	0.00	0.00	0.00	0.00	0.00	0.00	0.00	0.00	0.00	0.00	0.00	0.00	0.00	0.00	0.00	0.00	0.00	0.00	0.00	0.00	0.00	0.00	0.00	0.00	0.00	0.00	0.00	0.00	0.00	0.00	0.00	0.00	0.00	0.00	0.00	0.00	0.00	0.00	0.00	0.00	0.00	0.00	0.00	0.00	0.00	0.00	0.00	
0.02	0.01	0.01	0.01	0.00	0.00	0.00	0.00	0.00	0.00	0.00	0.00	0.00	0.00	0.00	0.00	0.00	0.00	0.00	0.00	0.00	0.00	0.00	0.00	0.00	0.00	0.00	0.00	0.00	0.00	0.00	0.00	0.00	0.00	0.00	0.00	0.00	0.00	0.00	0.00	0.00	0.00	0.00	0.00	0.00	0.00	0.00	0.00	0.00	0.00	0.00	0.00	0.00	0.00	0.00	0.00	0.00	0.00	0.00	0.00	0.00	0.00	0.00	0.00	
0.02	0.01	0.01	0.01	0.00	0.00	0.00	0.00	0.00	0.00	0.00	0.00	0.00	0.00	0.00	0.00	0.00	0.00	0.00	0.00	0.00	0.00	0.00	0.00	0.00	0.00	0.00	0.00	0.00	0.00	0.00	0.00	0.00	0.00	0.00	0.00	0.00	0.00	0.00	0.00	0.00	0.00	0.00	0.00	0.00	0.00	0.00	0.00	0.00	0.00	0.00	0.00	0.00	0.00	0.00	0.00	0.00	0.00	0.00	0.00	0.00	0.00	0.00	0.00	
0.02	0.01	0.01	0.01	0.00	0.00	0.00	0.00	0.00	0.00	0.00	0.00	0.00	0.00	0.00	0.00	0.00	0.00	0.00	0.00	0.00	0.00	0.00	0.00	0.00	0.00	0.00	0.00	0.00	0.00	0.00	0.00	0.00	0.00	0.00	0.00	0.00	0.00	0.00	0.00	0.00	0.00	0.00	0.00	0.00	0.00	0.00	0.00	0.00	0.00	0.00	0.00	0.00	0.00	0.00	0.00	0.00	0.00	0.00	0.00	0.00	0.00	0.00	0.00	
0.02	0.01	0.01	0.01	0.00	0.00	0.00	0.00	0.00	0.00	0.00	0.00	0.00	0.00	0.00	0.00	0.00	0.00	0.00	0.00	0.00	0.00	0.00	0.00	0.00	0.00	0.00	0.00	0.00	0.00	0.00	0.00	0.00	0.00	0.00	0.00	0.00	0.00	0.00	0.00	0.00	0.00	0.00	0.00	0.00	0.00	0.00	0.00	0.00	0.00	0.00	0.00	0.00	0.00	0.00	0.00	0.00	0.00	0.00	0.00	0.00	0.00	0.00	0.00	
0.02	0.01	0.01	0.01	0.00	0.00	0.00	0.00	0.00	0.00	0.00	0.00	0.00	0.00	0.00	0.00	0.00	0.00	0.00	0.00	0.00	0.00	0.00	0.00	0.00	0.00	0.00	0.00	0.00	0.00	0.00	0.00	0.00	0.00	0.00	0.00	0.00	0.00	0.00	0.00	0.00	0.00	0.00	0.00	0.00	0.00	0.00	0.00	0.00	0.00	0.00	0.00	0.00	0.00	0.00	0.00	0.00	0.00	0.00	0.00	0.00	0.00	0.00	0.00	
0.02	0.01	0.01	0.01	0.00	0.00	0.00	0.00	0.00	0.00	0.00	0.00	0.00	0.00	0.00	0.00	0.00	0.00	0.00	0.00	0.00	0.00	0.00	0.00	0.00	0.00	0.00	0.00	0.00	0.00	0.00	0.00	0.00	0.00	0.00	0.00	0.00	0.00	0.00	0.00	0.00	0.00	0.00	0.00	0.00	0.00	0.00	0.00	0.00	0.00	0.00	0.00	0.00	0.00	0.00	0.00	0.00	0.00	0.00	0.00	0.00	0.00	0.00	0.00	
0.02	0.01	0.01	0.01	0.00	0.00	0.00	0.00	0.00	0.00	0.00	0.00	0.00	0.00	0.00	0.00	0.00	0.00	0.00	0.00	0.00	0.00	0.00	0.00	0.00	0.00	0.00	0.00	0.00	0.00	0.00	0.00	0.00	0.00	0.00	0.00	0.00	0.00	0.00	0.00	0.00	0.00	0.00	0.00	0.00	0.00	0.00	0.00	0.00	0.00	0.00	0.00	0.00	0.00	0.00	0.00	0.00	0.00	0.00	0.00	0.00	0.00	0.00	0.00	
0.02	0.01	0.01	0.01	0.00	0.00	0.00	0.00	0.00	0.00	0.00	0.00	0.00	0.00	0.00	0.00	0.00	0.00	0.00	0.00	0.00	0.00	0.00	0.00	0.00	0.00	0.00	0.00	0.00	0.00	0.00	0.00	0.00	0.00	0.00	0.00	0.00	0.00	0.00	0.00	0.00	0.00	0.00	0.00	0.00	0.00	0.00	0.00	0.00	0.00	0.00	0.00	0.00	0.00	0.00	0.00	0.00	0.00	0.00	0.00	0.00	0.00	0.00	0.00	
0.02	0.01	0.01	0.01	0.00	0.00	0.00	0.00	0.00	0.00	0.00	0.00	0.00	0.00	0.00	0.00	0.00	0.00	0.00	0.00	0.00	0.00	0.00	0.00	0.00	0.00	0.00	0.00	0.00	0.00	0.00	0.00	0.00	0.00	0.00	0.00	0.00	0.00	0.00	0.00	0.00	0.00	0.00	0.00	0.00	0.00	0.00	0.00	0.00	0.00	0.00	0.00	0.00	0.00	0.00	0.00	0.00	0.00	0.00	0.00	0.00	0.00	0.00	0.00	
0.02	0.01	0.01	0.00	0.00	0.00	0.00	0.00	0.00	0.00	0.00	0.00	0.00	0.00	0.00	0.00	0.00	0.00	0.00	0.00	0.00	0.00	0.00	0.00	0.00	0.00	0.00	0.00	0.00	0.00	0.00	0.00	0.00	0.00	0.00	0.00	0.00	0.00	0.00	0.00	0.00	0.00	0.00	0.00	0.00	0.00	0.00	0.00	0.00	0.00	0.00	0.00	0.00	0.00	0.00	0.00	0.00	0.00	0.00	0.00	0.00	0.00	0.00	0.00	
0.02	0.01	0.01	0.00	0.00	0.00	0.00	0.00	0.00	0.00	0.00	0.00	0.00	0.00	0.00	0.00	0.00	0.00	0.00	0.00	0.00	0.00	0.00	0.00	0.00	0.00	0.00	0.00	0.00	0.00	0.00	0.00	0.00	0.00	0.00	0.00	0.00	0.00	0.00	0.00	0.00	0.00	0.00	0.00	0.00	0.00	0.00	0.00	0.00	0.00	0.00	0.00	0.00	0.00	0.00	0.00	0.00	0.00	0.00	0.00	0.00	0.00	0.00	0.00	
0.02	0.01	0.01	0.00	0.00	0.00	0.00	0.00	0.00	0.00	0.00	0.00	0.00	0.00	0.00	0.00	0.00	0.00	0.00	0.00	0.00	0.00	0.00	0.00	0.00	0.00	0.00	0.00	0.00	0.00	0.00	0.00	0.00	0.00	0.00	0.00	0.00	0.00	0.00	0.00	0.00	0.00	0.00	0.00	0.00	0.00	0.00	0.00	0.00	0.00	0.00	0.00	0.00	0.00	0.00	0.00	0.00	0.00	0.00	0.00	0.00	0.00	0.00	0.00	
0.02	0.01	0.01	0.00	0.00	0.00	0.00	0.00	0.00	0.00	0.00	0.00	0.00	0.00	0.00	0.00	0.00	0.00	0.00	0.00	0.00	0.00	0.00	0.00	0.00	0.00	0.00	0.00	0.00	0.00	0.00	0.00	0.00	0.00	0.00	0.00	0.00	0.00	0.00	0.00	0.00	0.00	0.00	0.00	0.00	0.00	0.00	0.00	0.00	0.00	0.00	0.00	0.00	0.00	0.00	0.00	0.00	0.00	0.00	0.00	0.00	0.00	0.00	0.00	
0.02	0.01	0.01	0.00	0.00	0.00	0.00	0.00	0.00	0.00	0.00	0.00	0.00	0.00	0.00	0.00	0.00	0.00	0.00	0.00	0.00	0.00	0.00	0.00	0.00	0.00	0.00	0.00	0.00	0.00	0.00	0.00	0.00	0.00	0.00	0.00	0.00	0.00	0.00	0.00	0.00	0.00	0.00	0.00	0.00	0.00	0.00	0.00	0.00	0.00	0.00	0.00	0.00	0.00	0.00	0.00	0.00	0.00	0.00	0.00	0.00	0.00	0.00	0.00	
0.02	0.01	0.01	0.00	0.00	0.00	0.00	0.00	0.00	0.00	0.00	0.00	0.00	0.00	0.00	0.00	0.00	0.00	0.00	0.00	0.00	0.00	0.00	0.00	0.00	0.00	0.00	0.00	0.00	0.00	0.00	0.00	0.00	0.00	0.00	0.00	0.00	0.00	0.00	0.00	0.00	0.00	0.00	0.00	0.00	0.00	0.00	0.00	0.00	0.00	0.00	0.00	0.00	0.00	0.00	0.00	0.00	0.00	0.00	0.00	0.00	0.00	0.00	0.00	
0.02	0.01	0.01	0.00	0.00	0.00	0.00	0.00	0.00	0.00	0.00	0.00	0.00	0.00	0.00	0.00	0.00	0.00	0.00	0.00	0.00	0.00	0.00	0.00	0.00	0.00	0.00	0.00	0.00	0.00	0.00	0.00	0.00	0.00	0.00	0.00	0.00	0.00	0.00	0.00	0.00	0.00	0.00	0.00	0.00	0.00	0.00	0.00	0.00	0.00	0.00	0.00	0.00	0.00	0.00	0.00	0.00	0.00	0.00	0.00	0.00	0.00	0.00	0.00	
0.02	0.01	0.01	0.00	0.00	0.00	0.00	0.00	0.00	0.00	0.00	0.00	0.00	0.00	0.00	0.00	0.00	0.00	0.00	0.00	0.00	0.00	0.00	0.00	0.00	0.00	0.00	0.00	0.00	0.00	0.00	0.00	0.00	0.00	0.00	0.00	0.00	0.00	0.00	0.00	0.00	0.00	0.00	0.00	0.00	0.00	0.00	0.00	0.00	0.00	0.00	0.00	0.00	0.00	0.00	0.00	0.00	0.00	0.00	0.00	0.00	0.00	0.00	0.00	
0.02	0.01	0.01	0.00	0.00	0.00	0.00	0.00	0.00	0.00	0.00	0.00	0.00	0.00	0.00	0.00	0.00	0.00	0.00	0.00	0.00	0.00	0.00	0.00	0.00	0.00	0.00	0.00	0.00	0.00	0.00	0.00	0.00	0.00	0.00	0.00	0.00	0.00	0.00	0.00	0.00	0.00	0.00	0.00	0.00	0.00	0.00	0.00	0.00	0.00	0.00	0.00	0.00	0.00	0.00	0.00	0.00	0.00	0.00	0.00	0.00	0.00	0.00	0.00	
0.02	0.01	0.01	0.00	0.00	0.00	0.00	0.00	0.00	0.00	0.00	0.00	0.00	0.00	0.00	0.00	0.00	0.00	0.00	0.00	0.00	0.00	0.00	0.00	0.00	0.00	0.00	0.00	0.00	0.00	0.00	0.00	0.00	0.00	0.00	0.00	0.00	0.00	0.00	0.00	0.00	0.00	0.00	0.00	0.00	0.00	0.00	0.00	0.00	0.00	0.00	0.00	0.00	0.00	0.00	0.00	0.00	0.00	0.00	0.00	0.00	0.00	0.00	0.00	
0.02	0.01	0.01	0.00	0.00	0.00	0.00	0.00	0.00	0.00	0.00	0.00	0.00	0.00	0.00	0.00	0.00	0.00	0.00	0.00	0.00	0.00	0.00	0.00	0.00	0.00	0.00	0.00	0.00	0.00	0.00	0.00	0.00	0.00	0.00	0.00	0.00	0.00	0.00	0.00	0.00	0.00	0.00	0.00	0.00	0.00	0.00	0.00	0.00	0.00	0.00	0.00	0.00	0.00	0.00	0.00	0.00	0.00	0.00	0.00	0.00	0.00	0.00	0.00	
0.02	0.01	0.01	0.00	0.00	0.00	0.00	0.00	0.00	0.00	0.00	0.00	0.00	0.00	0.00	0.00	0.00	0.00	0.00	0.00	0.00	0.00	0.00	0.00	0.00	0.00	0.00	0.00	0.00	0.00	0.00	0.00	0.00	0.00	0.00	0.00	0.00	0.00	0.00	0.00	0.00	0.00	0.00	0.00	0.00	0.00	0.00	0.00	0.00	0.00	0.00	0.00	0.00	0.00	0.00	0.00	0.00	0.00	0.00	0.00	0.00	0.00	0.00	0.00	
0.02	0.01	0.01	0.00	0.00	0.00	0.00	0.00	0.00	0.00	0.00	0.00	0.00	0.00	0.00	0.00	0.00	0.00	0.00	0.00	0.00	0.00	0.00	0.00	0.00	0.00	0.00	0.00	0.00	0.00	0.00	0.00	0.00	0.00	0.00	0.00	0.00	0.00	0.00	0.00	0.00	0.00	0.00	0.00	0.00	0.00	0.00	0.00	0.00	0.00	0.00	0.00	0.00	0.00	0.00	0.00	0.00	0.00	0.00	0.00	0.00	0.00	0.00	0.00	
0.02	0.01	0.01	0.00	0.00	0.00	0.00	0.00	0.00	0.00	0.00	0.00	0.00	0.00	0.00	0.00	0.00	0.00	0.00	0.00	0.00	0.00	0.00	0.00	0.00	0.00	0.00	0.00	0.00	0.00	0.00	0.00	0.00	0.00	0.00	0.00	0.00	0.00	0.00	0.00	0.00	0.00	0.00	0.00	0.00	0.00	0.00	0.00	0.00	0.00	0.00	0.00	0.00	0.00	0.00	0.00	0.00	0.00	0.00	0.00	0.00	0.00	0.00	0.00	
0.02	0.01	0.01	0.00	0.00	0.00	0.00	0.00	0.00	0.00	0.00	0.00	0.00	0.00	0.00	0.00	0.00	0.00	0.00	0.00	0.00	0.00	0.00	0.00	0.00	0.00	0.00	0.00	0.00	0.00	0.00	0.00	0.00	0.00	0.00	0.00	0.00	0.00	0.00	0.00	0.00	0.00	0.00	0.00	0.00	0.00	0.00	0.00	0.00	0.00	0.00	0.00	0.00	0.00	0.00	0.00	0.00	0.00	0.00	0.00	0.00	0.00	0.00	0.00	

64.00	32.00	21.33	16.00	12.80	10.67	9.14	8.00	7.11	6.40	5.82	5.33	4.92	4.57	4.27	4.00	3.76	3.56	3.37	3.20	3.05	2.91	2.78	2.67	2.56	2.46	2.37	2.29	2.21	2.13	2.06	2.00	1.94	1.88	1.83	1.78	1.73	1.68	1.64	1.60	1.56	1.52	1.49	1.45	1.42	1.39	1.36	1.33	1.31	1.28	1.25	1.23	1.21	1.19	1.16	1.14	1.12	1.10	1.08	1.07	1.05	1.03	1.02	1.00	
128.00	64.00	42.67	32.00	25.60	21.33	18.29	16.00	14.22	12.80	11.64	10.67	9.85	9.14	8.53	8.00	7.53	7.11	6.74	6.40	6.10	5.82	5.57	5.33	5.12	4.92	4.74	4.57	4.41	4.27	4.13	4.00	3.88	3.76	3.66	3.56	3.46	3.37	3.28	3.20	3.12	3.05	2.98	2.91	2.84	2.78	2.72	2.67	2.61	2.56	2.51	2.46	2.42	2.37	2.33	2.29	2.25	2.21	2.17	2.13	2.10	2.06	2.03	2.00	
192.00	96.00	64.00	48.00	38.40	32.00	27.43	24.00	21.33	19.20	17.45	16.00	14.77	13.71	12.80	12.00	11.29	10.67	10.11	9.60	9.14	8.73	8.35	8.00	7.68	7.38	7.11	6.86	6.62	6.40	6.19	6.00	5.82	5.65	5.49	5.33	5.19	5.05	4.92	4.80	4.68	4.57	4.47	4.36	4.27	4.17	4.09	4.00	3.92	3.84	3.76	3.69	3.62	3.56	3.49	3.43	3.37	3.31	3.25	3.20	3.15	3.10	3.05	3.00	
256.00	128.00	85.33	64.00	51.20	42.67	36.57	32.00	28.44	25.60	23.27	21.33	19.69	18.29	17.07	16.00	15.06	14.22	13.47	12.80	12.19	11.64	11.13	10.67	10.24	9.85	9.48	9.14	8.83	8.53	8.26	8.00	7.76	7.53	7.31	7.11	6.92	6.74	6.56	6.40	6.24	6.10	5.95	5.82	5.69	5.57	5.45	5.33	5.22	5.12	5.02	4.92	4.83	4.74	4.65	4.57	4.49	4.41	4.34	4.27	4.20	4.13	4.06	4.00	
320.00	160.00	106.67	80.00	64.00	53.33	45.71	40.00	35.56	32.00	29.09	26.67	24.62	22.86	21.33	20.00	18.82	17.78	16.84	16.00	15.24	14.55	13.91	13.33	12.80	12.31	11.85	11.43	11.03	10.67	10.32	10.00	9.70	9.41	9.14	8.89	8.65	8.42	8.21	8.00	7.80	7.62	7.44	7.27	7.11	6.96	6.81	6.67	6.53	6.40	6.27	6.15	6.04	5.93	5.82	5.71	5.61	5.52	5.42	5.33	5.25	5.16	5.08	5.00	
384.00	192.00	128.00	96.00	76.80	64.00	54.86	48.00	42.67	38.40	34.91	32.00	29.54	27.43	25.60	24.00	22.59	21.33	20.21	19.20	18.29	17.45	16.70	16.00	15.36	14.77	14.22	13.71	13.24	12.80	12.39	12.00	11.64	11.29	10.97	10.67	10.38	10.11	9.85	9.60	9.37	9.14	8.93	8.73	8.53	8.35	8.17	8.00	7.84	7.68	7.53	7.38	7.25	7.11	6.98	6.86	6.74	6.62	6.51	6.40	6.30	6.19	6.10	6.00	
448.00	224.00	149.33	112.00	89.60	74.67	64.00	56.00	49.78	44.80	40.73	37.33	34.46	32.00	29.87	28.00	26.35	24.89	23.58	22.40	21.33	20.36	19.48	18.67	17.92	17.23	16.59	16.00	15.45	14.93	14.45	14.00	13.58	13.18	12.80	12.44	12.11	11.79	11.49	11.20	10.93	10.67	10.42	10.18	9.96	9.74	9.53	9.33	9.14	8.96	8.78	8.62	8.45	8.30	8.15	8.00	7.86	7.72	7.59	7.47	7.34	7.23	7.11	7.00	
512.00	256.00	170.67	128.00	102.40	85.33	73.14	64.00	56.89	51.20	46.55	42.67	39.38	36.57	34.13	32.00	30.12	28.44	26.95	25.60	24.38	23.27	22.26	21.33	20.48	19.69	18.96	18.29	17.66	17.07	16.52	16.00	15.52	15.06	14.63	14.22	13.84	13.47	13.13	12.80	12.49	12.19	11.91	11.64	11.38	11.13	10.89	10.67	10.45	10.24	10.04	9.85	9.66	9.48	9.31	9.14	8.98	8.83	8.68	8.53	8.39	8.26	8.13	8.00	
576.00	288.00	192.00	144.00	115.20	96.00	82.29	72.00	64.00	57.60	52.36	48.00	44.31	41.14	38.40	36.00	33.88	32.00	30.32	28.80	27.43	26.18	25.04	24.00	23.04	22.15	21.33	20.57	19.86	19.20	18.58	18.00	17.45	16.94	16.46	16.00	15.57	15.16	14.77	14.40	14.05	13.71	13.40	13.09	12.80	12.52	12.26	12.00	11.76	11.52	11.29	11.08	10.87	10.67	10.47	10.29	10.11	9.93	9.76	9.60	9.44	9.29	9.14	9.00	
640.00	320.00	213.33	160.00	128.00	106.67	91.43	80.00	71.11	64.00	58.18	53.33	49.23	45.71	42.67	40.00	37.65	35.56	33.68	32.00	30.48	29.09	27.83	26.67	25.60	24.62	23.70	22.86	22.07	21.33	20.65	20.00	19.39	18.82	18.29	17.78	17.30	16.84	16.41	16.00	15.61	15.24	14.88	14.55	14.22	13.91	13.62	13.33	13.06	12.80	12.55	12.31	12.08	11.85	11.64	11.43	11.23	11.03	10.85	10.67	10.49	10.32	10.16	10.00	
704.00	352.00	234.67	176.00	140.80	117.33	100.57	88.00	78.22	70.40	64.00	58.67	54.15	50.29	46.93	44.00	41.41	39.11	37.05	35.20	33.52	32.00	30.61	29.33	28.16	27.08	26.07	25.14	24.28	23.47	22.71	22.00	21.33	20.71	20.11	19.56	19.03	18.53	18.05	17.60	17.17	16.76	16.37	16.00	15.64	15.30	14.98	14.67	14.37	14.08	13.80	13.54	13.28	13.04	12.80	12.57	12.35	12.14	11.93	11.73	11.54	11.35	11.17	11.00	
768.00	384.00	256.00	192.00	153.60	128.00	109.71	96.00	85.33	76.80	69.82	64.00	59.08	54.86	51.20	48.00	45.18	42.67	40.42	38.40	36.57	34.91	33.39	32.00	30.72	29.54	28.44	27.43	26.48	25.60	24.77	24.00	23.27	22.59	21.94	21.33	20.76	20.21	19.69	19.20	18.73	18.29	17.86	17.45	17.07	16.70	16.34	16.00	15.67	15.36	15.06	14.77	14.49	14.22	13.96	13.71	13.47	13.24	13.02	12.80	12.59	12.39	12.19	12.00	
832.00	416.00	277.33	208.00	166.40	138.67	118.86	104.00	92.44	83.20	75.64	69.33	64.00	59.43	55.47	52.00	48.94	46.22	43.79	41.60	39.62	37.82	36.17	34.67	33.28	32.00	30.81	29.71	28.69	27.73	26.84	26.00	25.21	24.47	23.77	23.11	22.49	21.89	21.33	20.80	20.29	19.81	19.35	18.91	18.49	18.09	17.70	17.33	16.98	16.64	16.31	16.00	15.70	15.41	15.13	14.86	14.60	14.34	14.10	13.87	13.64	13.42	13.21	13.00	
896.00	448.00	298.67	224.00	179.20	149.33	128.00	112.00	99.56	89.60	81.45	74.67	68.92	64.00	59.73	56.00	52.71	49.78	47.16	44.80	42.67	40.73	38.96	37.33	35.84	34.46	33.19	32.00	30.90	29.87	28.90	28.00	27.15	26.35	25.60	24.89	24.22	23.58	22.97	22.40	21.85	21.33	20.84	20.36	19.91	19.48	19.06	18.67	18.29	17.92	17.57	17.23	16.91	16.59	16.29	16.00	15.72	15.45	15.19	14.93	14.69	14.45	14.22	14.00	
960.00	480.00	320.00	240.00	192.00	160.00	137.14	120.00	106.67	96.00	87.27	80.00	73.85	68.57	64.00	60.00	56.47	53.33	50.53	48.00	45.71	43.64	41.74	40.00	38.40	36.92	35.56	34.29	33.10	32.00	30.97	30.00	29.09	28.24	27.43	26.67	25.95	25.26	24.62	24.00	23.41	22.86	22.33	21.82	21.33	20.87	20.43	20.00	19.59	19.20	18.82	18.46	18.11	17.78	17.45	17.14	16.84	16.55	16.27	16.00	15.74	15.48	15.24	15.00	
1024.00	512.00	341.33	256.00	204.80	170.67	146.29	128.00	113.78	102.40	93.09	85.33	78.77	73.14	68.27	64.00	60.24	56.89	53.89	51.20	48.76	46.55	44.52	42.67	40.96	39.38	37.93	36.57	35.31	34.13	33.03	32.00	31.03	30.12	29.26	28.44	27.68	26.95	26.26	25.60	24.98	24.38	23.81	23.27	22.76	22.26	21.79	21.33	20.90	20.48	20.08	19.69	19.32	18.96	18.62	18.29	17.96	17.66	17.36	17.07	16.79	16.52	16.25	16.00	
1088.00	544.00	362.67	272.00	217.60	181.33	155.43	136.00	120.89	108.80	98.91	90.67	83.69	77.71	72.53	68.00	64.00	60.44	57.26	54.40	51.81	49.45	47.30	45.33	43.52	41.85	40.30	38.86	37.52	36.27	35.10	34.00	32.97	32.00	31.09	30.22	29.41	28.63	27.90	27.20	26.54	25.90	25.30	24.73	24.18	23.65	23.15	22.67	22.20	21.76	21.33	20.92	20.53	20.15	19.78	19.43	19.09	18.76	18.44	18.13	17.84	17.55	17.27	17.00	
1152.00	576.00	384.00	288.00	230.40	192.00	164.57	144.00	128.00	115.20	104.73	96.00	88.62	82.29	76.80	72.00	67.76	64.00	60.63	57.60	54.86	52.36	50.09	48.00	46.08	44.31	42.67	41.14	39.72	38.40	37.16	36.00	34.91	33.88	32.91	32.00	31.14	30.32	29.54	28.80	28.10	27.43	26.79	26.18	25.60	25.04	24.51	24.00	23.51	23.04	22.59	22.15	21.74	21.33	20.95	20.57	20.21	19.86	19.53	19.20	18.89	18.58	18.29	18.00	
1216.00	608.00	405.33	304.00	243.20	202.67	173.71	152.00	135.11	121.60	110.55	101.33	93.54	86.86	81.07	76.00	71.53	67.56	64.00	60.80	57.90	55.27	52.87	50.67	48.64	46.77	45.04	43.43	41.93	40.53	39.23	38.00	36.85	35.76	34.74	33.78	32.86	32.00	31.18	30.40	29.66	28.95	28.28	27.64	27.02	26.43	25.87	25.33	24.82	24.32	23.84	23.38	22.94	22.52	22.11	21.71	21.33	20.97	20.61	20.27	19.93	19.61	19.30	19.00	
1280.00	640.00	426.67	320.00	256.00	213.33	182.86	160.00	142.22	128.00	116.36	106.67	98.46	91.43	85.33	80.00	75.29	71.11	67.37	64.00	60.95	58.18	55.65	53.33	51.20	49.23	47.41	45.71	44.14	42.67	41.29	40.00	38.79	37.65	36.57	35.56	34.59	33.68	32.82	32.00	31.22	30.48	29.77	29.09	28.44	27.83	27.23	26.67	26.12	25.60	25.10	24.62	24.15	23.70	23.27	22.86	22.46	22.07	21.69	21.33	20.98	20.65	20.32	20.00	
1344.00	672.00	448.00	336.00	268.80	224.00	192.00	168.00	149.33	134.40	122.18	112.00	103.38	96.00	89.60	84.00	79.06	74.67	70.74	67.20	64.00	61.09	58.43	56.00	53.76	51.69	49.78	48.00	46.34	44.80	43.35	42.00	40.73	39.53	38.40	37.33	36.32	35.37	34.46	33.60	32.78	32.00	31.26	30.55	29.87	29.22	28.60	28.00	27.43	26.88	26.35	25.85	25.36	24.89	24.44	24.00	23.58	23.17	22.78	22.40	22.03	21.68	21.33	21.00	
1408.00	704.00	469.33	352.00	281.60	234.67	201.14	176.00	156.44	140.80	128.00	117.33	108.31	100.57	93.87	88.00	82.82	78.22	74.11	70.40	67.05	64.00	61.22	58.67	56.32	54.15	52.15	50.29	48.55	46.93	45.42	44.00	42.67	41.41	40.23	39.11	38.05	37.05	36.10	35.20	34.34	33.52	32.74	32.00	31.29	30.61	29.96	29.33	28.73	28.16	27.61	27.08	26.57	26.07	25.60	25.14	24.70	24.28	23.86	23.47	23.08	22.71	22.35	22.00	
1472.00	736.00	490.67	368.00	294.40	245.33	210.29	184.00	163.56	147.20	133.82	122.67	113.23	105.14	98.13	92.00	86.59	81.78	77.47	73.60	70.10	66.91	64.00	61.33	58.88	56.62	54.52	52.57	50.76	49.07	47.48	46.00	44.61	43.29	42.06	40.89	39.78	38.74	37.74	36.80	35.90	35.05	34.23	33.45	32.71	32.00	31.32	30.67	30.04	29.44	28.86	28.31	27.77	27.26	26.76	26.29	25.82	25.38	24.95	24.53	24.13	23.74	23.37	23.00	
1536.00	768.00	512.00	384.00	307.20	256.00	219.43	192.00	170.67	153.60	139.64	128.00	118.15	109.71	102.40	96.00	90.35	85.33	80.84	76.80	73.14	69.82	66.78	64.00	61.44	59.08	56.89	54.86	52.97	51.20	49.55	48.00	46.55	45.18	43.89	42.67	41.51	40.42	39.38	38.40	37.46	36.57	35.72	34.91	34.13	33.39	32.68	32.00	31.35	30.72	30.12	29.54	28.98	28.44	27.93	27.43	26.95	26.48	26.03	25.60	25.18	24.77	24.38	24.00	
1600.00	800.00	533.33	400.00	320.00	266.67	228.57	200.00	177.78	160.00	145.45	133.33	123.08	114.29	106.67	100.00	94.12	88.89	84.21	80.00	76.19	72.73	69.57	66.67	64.00	61.54	59.26	57.14	55.17	53.33	51.61	50.00	48.48	47.06	45.71	44.44	43.24	42.11	41.03	40.00	39.02	38.10	37.21	36.36	35.56	34.78	34.04	33.33	32.65	32.00	31.37	30.77	30.19	29.63	29.09	28.57	28.07	27.59	27.12	26.67	26.23	25.81	25.40	25.00	
1664.00	832.00	554.67	416.00	332.80	277.33	237.71	208.00	184.89	166.40	151.27	138.67	128.00	118.86	110.93	104.00	97.88	92.44	87.58	83.20	79.24	75.64	72.35	69.33	66.56	64.00	61.63	59.43	57.38	55.47	53.68	52.00	50.42	48.94	47.54	46.22	44.97	43.79	42.67	41.60	40.59	39.62	38.70	37.82	36.98	36.17	35.40	34.67	33.96	33.28	32.63	32.00	31.40	30.81	30.25	29.71	29.19	28.69	28.20	27.73	27.28	26.84	26.41	26.00	
1728.00	864.00	576.00	432.00	345.60	288.00	246.86	216.00	192.00	172.80	157.09	144.00	132.92	123.43	115.20	108.00	101.65	96.00	90.95	86.40	82.29	78.55	75.13	72.00	69.12	66.46	64.00	61.71	59.59	57.60	55.74	54.00	52.36	50.82	49.37	48.00	46.70	45.47	44.31	43.20	42.15	41.14	40.19	39.27	38.40	37.57	36.77	36.00	35.27	34.56	33.88	33.23	32.60	32.00	31.42	30.86	30.32	29.79	29.29	28.80	28.33	27.87	27.43	27.00	
1792.00	896.00	597.33	448.00	358.40	298.67	256.00	224.00	199.11	179.20	162.91	149.33	137.85	128.00	119.47	112.00	105.41	99.56	94.32	89.60	85.33	81.45	77.91	74.67	71.68	68.92	66.37	64.00	61.79	59.73	57.81	56.00	54.30	52.71	51.20	49.78	48.43	47.16	45.95	44.80	43.71	42.67	41.67	40.73	39.82	38.96	38.13	37.33	36.57	35.84	35.14	34.46	33.81	33.19	32.58	32.00	31.44	30.90	30.37	29.87	29.38	28.90	28.44	28.00	
1856.00	928.00	618.67	464.00	371.20	309.33	265.14	232.00	206.22	185.60	168.73	154.67	142.77	132.57	123.73	116.00	109.18	103.11	97.68	92.80	88.38	84.36	80.70	77.33	74.24	71.38	68.74	66.29	64.00	61.87	59.87	58.00	56.24	54.59	53.03	51.56	50.16	48.84	47.59	46.40	45.27	44.19	43.16	42.18	41.24	40.35	39.49	38.67	37.88	37.12	36.39	35.69	35.02	34.37	33.75	33.14	32.56	32.00	31.46	30.93	30.43	29.94	29.46	29.00	
1920.00	960.00	640.00	480.00	384.00	320.00	274.29	240.00	213.33	192.00	174.55	160.00	147.69	137.14	128.00	120.00	112.94	106.67	101.05	96.00	91.43	87.27	83.48	80.00	76.80	73.85	71.11	68.57	66.21	64.00	61.94	60.00	58.18	56.47	54.86	53.33	51.89	50.53	49.23	48.00	46.83	45.71	44.65	43.64	42.67	41.74	40.85	40.00	39.18	38.40	37.65	36.92	36.23	35.56	34.91	34.29	33.68	33.10	32.54	32.00	31.48	30.97	30.48	30.00	
1984.00	992.00	661.33	496.00	396.80	330.67	283.43	248.00	220.44	198.40	180.36	165.33	152.62	141.71	132.27	124.00	116.71	110.22	104.42	99.20	94.48	90.18	86.26	82.67	79.36	76.31	73.48	70.86	68.41	66.13	64.00	62.00	60.12	58.35	56.69	55.11	53.62	52.21	50.87	49.60	48.39	47.24	46.14	45.09	44.09	43.13	42.21	41.33	40.49	39.68	38.90	38.15	37.43	36.74	36.07	35.43	34.81	34.21	33.63	33.07	32.52	32.00	31.49	31.00	
2048.00	1024.00	682.67	512.00	409.60	341.33	292.57	256.00	227.56	204.80	186.18	170.67	157.54	146.29	136.53	128.00	120.47	113.78	107.79	102.40	97.52	93.09	89.04	85.33	81.92	78.77	75.85	73.14	70.62	68.27	66.06	64.00	62.06	60.24	58.51	56.89	55.35	53.89	52.51	51.20	49.95	48.76	47.63	46.55	45.51	44.52	43.57	42.67	41.80	40.96	40.16	39.38	38.64	37.93	37.24	36.57	35.93	35.31	34.71	34.13	33.57	33.03	32.51	32.00	
2112.00	1056.00	704.00	528.00	422.40	352.00	301.71	264.00	234.67	211.20	192.00	176.00	162.46	150.86	140.80	132.00	124.24	117.33	111.16	105.60	100.57	96.00	91.83	88.00	84.48	81.23	78.22	75.43	72.83	70.40	68.13	66.00	64.00	62.12	60.34	58.67	57.08	55.58	54.15	52.80	51.51	50.29	49.12	48.00	46.93	45.91	44.94	44.00	43.10	42.24	41.41	40.62	39.85	39.11	38.40	37.71	37.05	36.41	35.80	35.20	34.62	34.06	33.52	33.00	
2176.00	1088.00	725.33	544.00	435.20	362.67	310.86	272.00	241.78	217.60	197.82	181.33	167.38	155.43	145.07	136.00	128.00	120.89	114.53	108.80	103.62	98.91	94.61	90.67	87.04	83.69	80.59	77.71	75.03	72.53	70.19	68.00	65.94	64.00	62.17	60.44	58.81	57.26	55.79	54.40	53.07	51.81	50.60	49.45	48.36	47.30	46.30	45.33	44.41	43.52	42.67	41.85	41.06	40.30	39.56	38.86	38.18	37.52	36.88	36.27	35.67	35.10	34.54	34.00	
2240.00	1120.00	746.67	560.00	448.00	373.33	320.00	280.00	248.89	224.00	203.64	186.67	172.31	160.00	149.33	140.00	131.76	124.44	117.89	112.00	106.67	101.82	97.39	93.33	89.60	86.15	82.96	80.00	77.24	74.67	72.26	70.00	67.88	65.88	64.00	62.22	60.54	58.95	57.44	56.00	54.63	53.33	52.09	50.91	49.78	48.70	47.66	46.67	45.71	44.80	43.92	43.08	42.26	41.48	40.73	40.00	39.30	38.62	37.97	37.33	36.72	36.13	35.56	35.00	
2304.00	1152.00	768.00	576.00	460.80	384.00	329.14	288.00	256.00	230.40	209.45	192.00	177.23	164.57	153.60	144.00	135.53	128.00	121.26	115.20	109.71	104.73	100.17	96.00	92.16	88.62	85.33	82.29	79.45	76.80	74.32	72.00	69.82	67.76	65.83	64.00	62.27	60.63	59.08	57.60	56.20	54.86	53.58	52.36	51.20	50.09	49.02	48.00	47.02	46.08	45.18	44.31	43.47	42.67	41.89	41.14	40.42	39.72	39.05	38.40	37.77	37.16	36.57	36.00	
2368.00	1184.00	789.33	592.00	473.60	394.67	338.29	296.00	263.11	236.80	215.27	197.33	182.15	169.14	157.87	148.00	139.29	131.56	124.63	118.40	112.76	107.64	102.96	98.67	94.72	91.08	87.70	84.57	81.66	78.93	76.39	74.00	71.76	69.65	67.66	65.78	64.00	62.32	60.72	59.20	57.76	56.38	55.07	53.82	52.62	51.48	50.38	49.33	48.33	47.36	46.43	45.54	44.68	43.85	43.05	42.29	41.54	40.83	40.14	39.47	38.82	38.19	37.59	37.00	
2432.00	1216.00	810.67	608.00	486.40	405.33	347.43	304.00	270.22	243.20	221.09	202.67	187.08	173.71	162.13	152.00	143.06	135.11	128.00	121.60	115.81	110.55	105.74	101.33	97.28	93.54	90.07	86.86	83.86	81.07	78.45	76.00	73.70	71.53	69.49	67.56	65.73	64.00	62.36	60.80	59.32	57.90	56.56	55.27	54.04	52.87	51.74	50.67	49.63	48.64	47.69	46.77	45.89	45.04	44.22	43.43	42.67	41.93	41.22	40.53	39.87	39.23	38.60	38.00	
2496.00	1248.00	832.00	624.00	499.20	416.00	356.57	312.00	277.33	249.60	226.91	208.00	192.00	178.29	166.40	156.00	146.82	138.67	131.37	124.80	118.86	113.45	108.52	104.00	99.84	96.00	92.44	89.14	86.07	83.20	80.52	78.00	75.64	73.41	71.31	69.33	67.46	65.68	64.00	62.40	60.88	59.43	58.05	56.73	55.47	54.26	53.11	52.00	50.94	49.92	48.94	48.00	47.09	46.22	45.38	44.57	43.79	43.03	42.31	41.60	40.92	40.26	39.62	39.00	
2560.00	1280.00	853.33	640.00	512.00	426.67	365.71	320.00	284.44	256.00	232.73	213.33	196.92	182.86	170.67	160.00	150.59	142.22	134.74	128.00	121.90	116.36	111.30	106.67	102.40	98.46	94.81	91.43	88.28	85.33	82.58	80.00	77.58	75.29	73.14	71.11	69.19	67.37	65.64	64.00	62.44	60.95	59.53	58.18	56.89	55.65	54.47	53.33	52.24	51.20	50.20	49.23	48.30	47.41	46.55	45.71	44.91	44.14	43.39	42.67	41.97	41.29	40.63	40.00	
2624.00	1312.00	874.67	656.00	524.80	437.33	374.86	328.00	291.56	262.40	238.55	218.67	201.85	187.43	174.93	164.00	154.35	145.78	138.11	131.20	124.95	119.27	114.09	109.33	104.96	100.92	97.19	93.71	90.48	87.47	84.65	82.00	79.52	77.18	74.97	72.89	70.92	69.05	67.28	65.60	64.00	62.48	61.02	59.64	58.31	57.04	55.83	54.67	53.55	52.48	51.45	50.46	49.51	48.59	47.71	46.86	46.04	45.24	44.47	43.73	43.02	42.32	41.65	41.00	
2688.00	1344.00	896.00	672.00	537.60	448.00	384.00	336.00	298.67	268.80	244.36	224.00	206.77	192.00	179.20	168.00	158.12	149.33	141.47	134.40	128.00	122.18	116.87	112.00	107.52	103.38	99.56	96.00	92.69	89.60	86.71	84.00	81.45	79.06	76.80	74.67	72.65	70.74	68.92	67.20	65.56	64.00	62.51	61.09	59.73	58.43	57.19	56.00	54.86	53.76	52.71	51.69	50.72	49.78	48.87	48.00	47.16	46.34	45.56	44.80	44.07	43.35	42.67	42.00	
2752.00	1376.00	917.33	688.00	550.40	458.67	393.14	344.00	305.78	275.20	250.18	229.33	211.69	196.57	183.47	172.00	161.88	152.89	144.84	137.60	131.05	125.09	119.65	114.67	110.08	105.85	101.93	98.29	94.90	91.73	88.77	86.00	83.39	80.94	78.63	76.44	74.38	72.42	70.56	68.80	67.12	65.52	64.00	62.55	61.16	59.83	58.55	57.33	56.16	55.04	53.96	52.92	51.92	50.96	50.04	49.14	48.28	47.45	46.64	45.87	45.11	44.39	43.68	43.00	
2816.00	1408.00	938.67	704.00	563.20	469.33	402.29	352.00	312.89	281.60	256.00	234.67	216.62	201.14	187.73	176.00	165.65	156.44	148.21	140.80	134.10	128.00	122.43	117.33	112.64	108.31	104.30	100.57	97.10	93.87	90.84	88.00	85.33	82.82	80.46	78.22	76.11	74.11	72.21	70.40	68.68	67.05	65.49	64.00	62.58	61.22	59.91	58.67	57.47	56.32	55.22	54.15	53.13	52.15	51.20	50.29	49.40	48.55	47.73	46.93	46.16	45.42	44.70	44.00	
2880.00	1440.00	960.00	720.00	576.00	480.00	411.43	360.00	320.00	288.00	261.82	240.00	221.54	205.71	192.00	180.00	169.41	160.00	151.58	144.00	137.14	130.91	125.22	120.00	115.20	110.77	106.67	102.86	99.31	96.00	92.90	90.00	87.27	84.71	82.29	80.00	77.84	75.79	73.85	72.00	70.24	68.57	66.98	65.45	64.00	62.61	61.28	60.00	58.78	57.60	56.47	55.38	54.34	53.33	52.36	51.43	50.53	49.66	48.81	48.00	47.21	46.45	45.71	45.00	
2944.00	1472.00	981.33	736.00	588.80	490.67	420.57	368.00	327.11	294.40	267.64	245.33	226.46	210.29	196.27	184.00	173.18	163.56	154.95	147.20	140.19	133.82	128.00	122.67	117.76	113.23	109.04	105.14	101.52	98.13	94.97	92.00	89.21	86.59	84.11	81.78	79.57	77.47	75.49	73.60	71.80	70.10	68.47	66.91	65.42	64.00	62.64	61.33	60.08	58.88	57.73	56.62	55.55	54.52	53.53	52.57	51.65	50.76	49.90	49.07	48.26	47.48	46.73	46.00	
3008.00	1504.00	1002.67	752.00	601.60	501.33	429.71	376.00	334.22	300.80	273.45	250.67	231.38	214.86	200.53	188.00	176.94	167.11	158.32	150.40	143.24	136.73	130.78	125.33	120.32	115.69	111.41	107.43	103.72	100.27	97.03	94.00	91.15	88.47	85.94	83.56	81.30	79.16	77.13	75.20	73.37	71.62	69.95	68.36	66.84	65.39	64.00	62.67	61.39	60.16	58.98	57.85	56.75	55.70	54.69	53.71	52.77	51.86	50.98	50.13	49.31	48.52	47.75	47.00	
3072.00	1536.00	1024.00	768.00	614.40	512.00	438.86	384.00	341.33	307.20	279.27	256.00	236.31	219.43	204.80	192.00	180.71	170.67	161.68	153.60	146.29	139.64	133.57	128.00	122.88	118.15	113.78	109.71	105.93	102.40	99.10	96.00	93.09	90.35	87.77	85.33	83.03	80.84	78.77	76.80	74.93	73.14	71.44	69.82	68.27	66.78	65.36	64.00	62.69	61.44	60.24	59.08	57.96	56.89	55.85	54.86	53.89	52.97	52.07	51.20	50.36	49.55	48.76	48.00	
3136.00	1568.00	1045.33	784.00	627.20	522.67	448.00	392.00	348.44	313.60	285.09	261.33	241.23	224.00	209.07	196.00	184.47	174.22	165.05	156.80	149.33	142.55	136.35	130.67	125.44	120.62	116.15	112.00	108.14	104.53	101.16	98.00	95.03	92.24	89.60	87.11	84.76	82.53	80.41	78.40	76.49	74.67	72.93	71.27	69.69	68.17	66.72	65.33	64.00	62.72	61.49	60.31	59.17	58.07	57.02	56.00	55.02	54.07	53.15	52.27	51.41	50.58	49.78	49.00	
3200.00	1600.00	1066.67	800.00	640.00	533.33	457.14	400.00	355.56	320.00	290.91	266.67	246.15	228.57	213.33	200.00	188.24	177.78	168.42	160.00	152.38	145.45	139.13	133.33	128.00	123.08	118.52	114.29	110.34	106.67	103.23	100.00	96.97	94.12	91.43	88.89	86.49	84.21	82.05	80.00	78.05	76.19	74.42	72.73	71.11	69.57	68.09	66.67	65.31	64.00	62.75	61.54	60.38	59.26	58.18	57.14	56.14	55.17	54.24	53.33	52.46	51.61	50.79	50.00	
3264.00	1632.00	1088.00	816.00	652.80	544.00	466.29	408.00	362.67	326.40	296.73	272.00	251.08	233.14	217.60	204.00	192.00	181.33	171.79	163.20	155.43	148.36	141.91	136.00	130.56	125.54	120.89	116.57	112.55	108.80	105.29	102.00	98.91	96.00	93.26	90.67	88.22	85.89	83.69	81.60	79.61	77.71	75.91	74.18	72.53	70.96	69.45	68.00	66.61	65.28	64.00	62.77	61.58	60.44	59.35	58.29	57.26	56.28	55.32	54.40	53.51	52.65	51.81	51.00	
3328.00	1664.00	1109.33	832.00	665.60	554.67	475.43	416.00	369.78	332.80	302.55	277.33	256.00	237.71	221.87	208.00	195.76	184.89	175.16	166.40	158.48	151.27	144.70	138.67	133.12	128.00	123.26	118.86	114.76	110.93	107.35	104.00	100.85	97.88	95.09	92.44	89.95	87.58	85.33	83.20	81.17	79.24	77.40	75.64	73.96	72.35	70.81	69.33	67.92	66.56	65.25	64.00	62.79	61.63	60.51	59.43	58.39	57.38	56.41	55.47	54.56	53.68	52.83	52.00	
3392.00	1696.00	1130.67	848.00	678.40	565.33	484.57	424.00	376.89	339.20	308.36	282.67	260.92	242.29	226.13	212.00	199.53	188.44	178.53	169.60	161.52	154.18	147.48	141.33	135.68	130.46	125.63	121.14	116.97	113.07	109.42	106.00	102.79	99.76	96.91	94.22	91.68	89.26	86.97	84.80	82.73	80.76	78.88	77.09	75.38	73.74	72.17	70.67	69.22	67.84	66.51	65.23	64.00	62.81	61.67	60.57	59.51	58.48	57.49	56.53	55.61	54.71	53.84	53.00	
3456.00	1728.00	1152.00	864.00	691.20	576.00	493.71	432.00	384.00	345.60	314.18	288.00	265.85	246.86	230.40	216.00	203.29	192.00	181.89	172.80	164.57	157.09	150.26	144.00	138.24	132.92	128.00	123.43	119.17	115.20	111.48	108.00	104.73	101.65	98.74	96.00	93.41	90.95	88.62	86.40	84.29	82.29	80.37	78.55	76.80	75.13	73.53	72.00	70.53	69.12	67.76	66.46	65.21	64.00	62.84	61.71	60.63	59.59	58.58	57.60	56.66	55.74	54.86	54.00	
3520.00	1760.00	1173.33	880.00	704.00	586.67	502.86	440.00	391.11	352.00	320.00	293.33	270.77	251.43	234.67	220.00	207.06	195.56	185.26	176.00	167.62	160.00	153.04	146.67	140.80	135.38	130.37	125.71	121.38	117.33	113.55	110.00	106.67	103.53	100.57	97.78	95.14	92.63	90.26	88.00	85.85	83.81	81.86	80.00	78.22	76.52	74.89	73.33	71.84	70.40	69.02	67.69	66.42	65.19	64.00	62.86	61.75	60.69	59.66	58.67	57.70	56.77	55.87	55.00	
3584.00	1792.00	1194.67	896.00	716.80	597.33	512.00	448.00	398.22	358.40	325.82	298.67	275.69	256.00	238.93	224.00	210.82	199.11	188.63	179.20	170.67	162.91	155.83	149.33	143.36	137.85	132.74	128.00	123.59	119.47	115.61	112.00	108.61	105.41	102.40	99.56	96.86	94.32	91.90	89.60	87.41	85.33	83.35	81.45	79.64	77.91	76.26	74.67	73.14	71.68	70.27	68.92	67.62	66.37	65.16	64.00	62.88	61.79	60.75	59.73	58.75	57.81	56.89	56.00	
3648.00	1824.00	1216.00	912.00	729.60	608.00	521.14	456.00	405.33	364.80	331.64	304.00	280.62	260.57	243.20	228.00	214.59	202.67	192.00	182.40	173.71	165.82	158.61	152.00	145.92	140.31	135.11	130.29	125.79	121.60	117.68	114.00	110.55	107.29	104.23	101.33	98.59	96.00	93.54	91.20	88.98	86.86	84.84	82.91	81.07	79.30	77.62	76.00	74.45	72.96	71.53	70.15	68.83	67.56	66.33	65.14	64.00	62.90	61.83	60.80	59.80	58.84	57.90	57.00	
3712.00	1856.00	1237.33	928.00	742.40	618.67	530.29	464.00	412.44	371.20	337.45	309.33	285.54	265.14	247.47	232.00	218.35	206.22	195.37	185.60	176.76	168.73	161.39	154.67	148.48	142.77	137.48	132.57	128.00	123.73	119.74	116.00	112.48	109.18	106.06	103.11	100.32	97.68	95.18	92.80	90.54	88.38	86.33	84.36	82.49	80.70	78.98	77.33	75.76	74.24	72.78	71.38	70.04	68.74	67.49	66.29	65.12	64.00	62.92	61.87	60.85	59.87	58.92	58.00	
3776.00	1888.00	1258.67	944.00	755.20	629.33	539.43	472.00	419.56	377.60	343.27	314.67	290.46	269.71	251.73	236.00	222.12	209.78	198.74	188.80	179.81	171.64	164.17	157.33	151.04	145.23	139.85	134.86	130.21	125.87	121.81	118.00	114.42	111.06	107.89	104.89	102.05	99.37	96.82	94.40	92.10	89.90	87.81	85.82	83.91	82.09	80.34	78.67	77.06	75.52	74.04	72.62	71.25	69.93	68.65	67.43	66.25	65.10	64.00	62.93	61.90	60.90	59.94	59.00	
3840.00	1920.00	1280.00	960.00	768.00	640.00	548.57	480.00	426.67	384.00	349.09	320.00	295.38	274.29	256.00	240.00	225.88	213.33	202.11	192.00	182.86	174.55	166.96	160.00	153.60	147.69	142.22	137.14	132.41	128.00	123.87	120.00	116.36	112.94	109.71	106.67	103.78	101.05	98.46	96.00	93.66	91.43	89.30	87.27	85.33	83.48	81.70	80.00	78.37	76.80	75.29	73.85	72.45	71.11	69.82	68.57	67.37	66.21	65.08	64.00	62.95	61.94	60.95	60.00	
3904.00	1952.00	1301.33	976.00	780.80	650.67	557.71	488.00	433.78	390.40	354.91	325.33	300.31	278.86	260.27	244.00	229.65	216.89	205.47	195.20	185.90	177.45	169.74	162.67	156.16	150.15	144.59	139.43	134.62	130.13	125.94	122.00	118.30	114.82	111.54	108.44	105.51	102.74	100.10	97.60	95.22	92.95	90.79	88.73	86.76	84.87	83.06	81.33	79.67	78.08	76.55	75.08	73.66	72.30	70.98	69.71	68.49	67.31	66.17	65.07	64.00	62.97	61.97	61.00	
3968.00	1984.00	1322.67	992.00	793.60	661.33	566.86	496.00	440.89	396.80	360.73	330.67	305.23	283.43	264.53	248.00	233.41	220.44	208.84	198.40	188.95	180.36	172.52	165.33	158.72	152.62	146.96	141.71	136.83	132.27	128.00	124.00	120.24	116.71	113.37	110.22	107.24	104.42	101.74	99.20	96.78	94.48	92.28	90.18	88.18	86.26	84.43	82.67	80.98	79.36	77.80	76.31	74.87	73.48	72.15	70.86	69.61	68.41	67.25	66.13	65.05	64.00	62.98	62.00	
4032.00	2016.00	1344.00	1008.00	806.40	672.00	576.00	504.00	448.00	403.20	366.55	336.00	310.15	288.00	268.80	252.00	237.18	224.00	212.21	201.60	192.00	183.27	175.30	168.00	161.28	155.08	149.33	144.00	139.03	134.40	130.06	126.00	122.18	118.59	115.20	112.00	108.97	106.11	103.38	100.80	98.34	96.00	93.77	91.64	89.60	87.65	85.79	84.00	82.29	80.64	79.06	77.54	76.08	74.67	73.31	72.00	70.74	69.52	68.34	67.20	66.10	65.03	64.00	63.00	
4096.00	2048.00	1365.33	1024.00	819.20	682.67	585.14	512.00	455.11	409.60	372.36	341.33	315.08	292.57	273.07	256.00	240.94	227.56	215.58	204.80	195.05	186.18	178.09	170.67	163.84	157.54	151.70	146.29	141.24	136.53	132.13	128.00	124.12	120.47	117.03	113.78	110.70	107.79	105.03	102.40	99.90	97.52	95.26	93.09	91.02	89.04	87.15	85.33	83.59	81.92	80.31	78.77	77.28	75.85	74.47	73.14	71.86	70.62	69.42	68.27	67.15	66.06	65.02	64.00	

